4 9
18.599999999999994	0.20000000000000284	1.6000000000000227	10.799999999999997	-1.4000000000000004	0.0	16.0	1.7999999999999972	-2.2	16.0	4.800000000000011	2.2000000000000455	17.0	0.0	3.6000000000000227	17.200000000000003	2.799999999999997	3.7999999999999545	17.400000000000006	2.1999999999999993	4.0	16.0	2.8000000000000007	0.7999999999999545	14.800000000000011	5.400000000000006	4.399999999999977	18.80000000000001	3.200000000000003	1.6000000000000227	
7.599999999999994	3.200000000000003	7.0	7.400000000000006	12.4	2.6	7.200000000000003	6.799999999999997	-1.4	7.0	-0.5999999999999943	8.799999999999955	6.200000000000003	15.8	8.800000000000011	7.599999999999994	0.0	9.600000000000023	5.400000000000006	11.4	6.600000000000023	7.799999999999997	-0.1999999999999993	5.400000000000091	5.0	5.0	3.1999999999999886	7.800000000000011	3.799999999999997	7.0	
-5.799999999999997	-0.4000000000000057	10.200000000000045	-8.200000000000003	13.600000000000001	0.8	-8.0	8.600000000000001	2.0	-9.0	-0.5999999999999943	16.200000000000045	-9.0	17.2	15.600000000000023	-5.799999999999997	-1.7999999999999972	12.799999999999955	-8.599999999999994	13.2	15.0	-4.0	-1.8000000000000007	10.599999999999909	-7.199999999999989	4.400000000000006	8.600000000000023	-4.199999999999989	4.200000000000003	12.399999999999977	
16.599999999999994	-1.2000000000000028	4.7999999999999545	13.200000000000003	12.600000000000001	-0.6000000000000001	17.599999999999994	6.399999999999999	1.0	16.200000000000003	-0.4000000000000057	7.399999999999977	15.0	18.4	5.800000000000011	16.400000000000006	-0.5999999999999943	9.0	11.599999999999994	12.2	2.7999999999999545	15.799999999999997	1.1999999999999993	4.400000000000091	14.599999999999994	8.599999999999994	2.3999999999999773	14.0	3.5999999999999943	4.399999999999977	
3.200000000000003	-5.599999999999994	0.0	-4.400000000000006	-3.0	-0.3999999999999999	-2.200000000000003	-5.799999999999997	-0.8	-2.200000000000003	-4.0	-2.3999999999999773	-3.799999999999997	-8.399999999999999	5.199999999999989	-0.20000000000000284	-5.0	-0.39999999999997726	0.20000000000000284	-7.399999999999999	7.0	-0.20000000000000284	-7.0	-1.599999999999909	5.0	-7.800000000000011	4.800000000000011	2.5999999999999943	-7.199999999999989	0.6000000000000227	

0.6000000000000014	16.400000000000006	3.6000000000000227	1.0	7.200000000000003	0.7999999999999998	1.4000000000000057	14.799999999999997	-1.4	2.4000000000000057	17.599999999999994	1.0	1.7999999999999972	11.799999999999997	4.0	2.8000000000000114	16.799999999999997	2.7999999999999545	2.1999999999999993	11.2	2.3999999999999773	2.1999999999999886	17.0	1.0	5.200000000000003	9.799999999999997	1.1999999999999886	2.0	15.400000000000006	4.600000000000023	
7.200000000000003	-0.7999999999999972	1.3999999999999773	14.400000000000006	4.799999999999997	-2.4	12.199999999999989	-2.200000000000003	0.19999999999999996	8.400000000000006	-3.4000000000000057	4.7999999999999545	14.400000000000006	9.799999999999997	1.7999999999999545	9.199999999999989	-1.4000000000000057	3.2000000000000455	11.2	8.0	-1.7999999999999545	9.199999999999989	-0.7999999999999972	0.599999999999909	7.200000000000003	5.799999999999997	-1.0	8.0	2.799999999999997	-0.20000000000004547	
4.399999999999999	1.0	5.0	8.199999999999989	8.200000000000003	3.6	4.599999999999994	2.4000000000000057	0.6	4.400000000000006	0.8000000000000114	8.200000000000045	7.799999999999997	10.0	8.399999999999977	4.800000000000011	1.4000000000000057	5.600000000000023	7.199999999999999	10.2	6.0	6.599999999999994	-0.20000000000000284	5.400000000000091	2.200000000000003	9.0	4.600000000000023	7.0	5.799999999999997	4.2000000000000455	
8.799999999999997	3.4000000000000057	-4.600000000000023	15.400000000000006	13.8	4.4	19.400000000000006	12.799999999999997	0.0	17.0	5.199999999999989	-4.600000000000023	12.400000000000006	20.0	-21.0	15.400000000000006	6.599999999999994	-4.0	6.0	14.2	-19.0	12.599999999999994	5.0	-4.2000000000000455	3.799999999999997	4.200000000000003	-10.0	8.599999999999994	5.799999999999997	-6.7999999999999545	
-10.799999999999997	-3.5999999999999943	3.3999999999999773	-21.400000000000006	2.0	0.0	-18.19999999999999	-0.4000000000000057	0.4	-15.200000000000003	1.4000000000000057	0.7999999999999545	-21.4	-4.599999999999994	6.600000000000023	-14.200000000000003	-2.200000000000003	-0.20000000000004547	-15.399999999999999	-6.399999999999999	12.799999999999955	-13.0	-3.3999999999999986	2.7999999999999545	-8.799999999999997	-7.200000000000003	7.199999999999989	-10.400000000000006	-6.200000000000003	5.7999999999999545	

-3.4000000000000057	-2.5999999999999943	15.799999999999955	-14.200000000000003	11.399999999999999	0.7999999999999998	-14.799999999999997	9.200000000000003	-0.2	-11.399999999999999	5.400000000000006	13.0	-18.6	7.200000000000003	12.799999999999955	-8.600000000000001	2.799999999999997	16.600000000000023	-14.0	4.8	19.200000000000045	-8.400000000000006	-2.6000000000000014	17.200000000000045	-7.0	-1.2000000000000028	16.0	-6.800000000000011	-0.7999999999999972	19.600000000000023	
15.799999999999997	-2.0	3.6000000000000227	12.799999999999997	7.399999999999999	1.7999999999999998	16.400000000000006	0.4000000000000057	1.8	15.0	-2.4000000000000057	4.600000000000023	17.2	10.200000000000003	5.399999999999977	15.599999999999994	-1.7999999999999972	3.6000000000000227	15.0	9.6	5.399999999999977	16.0	0.1999999999999993	5.2000000000000455	7.799999999999997	7.799999999999997	1.6000000000000227	15.200000000000003	1.2000000000000028	3.7999999999999545	
-1.2000000000000028	4.799999999999997	-0.6000000000000227	2.5999999999999943	-0.7999999999999972	0.6000000000000001	0.20000000000000284	-2.200000000000003	-0.19999999999999996	-2.0	-2.4000000000000057	5.0	4.0	4.200000000000003	5.2000000000000455	-1.2000000000000028	-1.0	0.39999999999997726	4.0	7.6	-0.39999999999997726	-0.4000000000000057	3.0	1.400000000000091	0.7999999999999972	6.200000000000003	-0.6000000000000227	-1.4000000000000057	5.200000000000003	1.0	
8.599999999999994	-7.200000000000003	9.600000000000023	-8.599999999999994	-13.0	1.5999999999999996	-7.799999999999997	-16.0	1.0	-7.600000000000001	-12.199999999999989	15.600000000000023	2.1999999999999993	-19.400000000000006	38.60000000000002	-2.0	-13.599999999999994	16.0	9.200000000000003	-14.4	34.200000000000045	1.5999999999999943	-11.6	15.799999999999955	16.0	-5.799999999999997	20.0	11.400000000000006	-10.599999999999994	20.0	
9.599999999999994	-7.400000000000006	-4.600000000000023	0.20000000000000284	-10.0	-1.5999999999999996	4.799999999999997	-6.799999999999997	2.8	7.0	-5.599999999999994	-4.600000000000023	2.8	-14.200000000000003	1.7999999999999545	7.799999999999997	-7.400000000000006	-5.600000000000023	6.600000000000001	-15.0	3.0	7.799999999999997	-7.800000000000001	-3.599999999999909	8.799999999999997	-12.400000000000006	1.8000000000000114	9.0	-11.200000000000003	-1.2000000000000455	

-4.599999999999994	14.0	21.0	-6.599999999999994	25.2	-4.2	-8.200000000000003	24.400000000000006	-1.8	-8.2	16.0	23.399999999999977	-9.0	33.8	17.200000000000045	-7.600000000000001	13.400000000000006	23.799999999999955	-8.0	30.6	17.200000000000045	-8.200000000000003	15.8	22.799999999999955	-5.0	23.599999999999994	18.399999999999977	-7.0	19.599999999999994	22.600000000000023	
14.599999999999994	0.7999999999999972	9.799999999999955	16.799999999999997	16.200000000000003	1.4000000000000004	20.400000000000006	8.200000000000003	1.6	17.4	1.1999999999999886	9.200000000000045	20.2	20.6	6.7999999999999545	19.0	0.7999999999999972	10.0	15.0	17.4	4.7999999999999545	18.200000000000003	-0.6000000000000014	13.0	4.199999999999989	14.599999999999994	5.399999999999977	18.599999999999994	6.599999999999994	9.399999999999977	
7.200000000000003	-4.0	2.3999999999999773	9.799999999999997	1.3999999999999986	1.7999999999999998	5.599999999999994	-7.400000000000006	-0.19999999999999996	6.200000000000003	-5.599999999999994	5.600000000000023	10.6	2.5999999999999943	13.600000000000023	5.400000000000006	-6.0	5.399999999999977	10.399999999999999	4.0	9.799999999999955	9.200000000000003	-3.1999999999999993	4.7999999999999545	6.0	0.5999999999999943	3.8000000000000114	10.0	-1.7999999999999972	5.0	
-1.0	13.599999999999994	-15.799999999999955	18.599999999999994	16.6	-4.4	18.799999999999997	23.4	1.8	14.0	18.19999999999999	-18.799999999999955	7.199999999999999	21.0	-51.0	9.200000000000003	19.599999999999994	-19.799999999999955	-5.400000000000006	17.0	-48.200000000000045	1.7999999999999972	17.6	-16.59999999999991	-9.0	8.200000000000003	-26.80000000000001	-5.199999999999989	15.200000000000003	-22.399999999999977	
-2.799999999999997	-9.200000000000003	8.0	-14.799999999999997	1.0	-4.0	-16.0	-3.200000000000003	-0.6	-11.600000000000001	-3.4000000000000057	7.399999999999977	-17.2	-1.5999999999999943	20.399999999999977	-11.200000000000003	-9.400000000000006	6.2000000000000455	-10.0	-7.399999999999999	27.399999999999977	-6.0	-9.8	8.200000000000045	-4.800000000000011	-6.599999999999994	22.399999999999977	-2.0	-9.799999999999997	15.200000000000045	

31.0	47.0	-19.799999999999955	83.19999999999999	-13.799999999999997	-0.7999999999999998	73.19999999999999	-12.0	0.4	52.0	-5.800000000000011	14.600000000000023	122.4	18.0	0.19999999999998863	54.2	12.399999999999999	6.2000000000000455	94.8	55.2	-61.19999999999999	49.0	31.0	-11.0	45.8	63.0	-72.80000000000001	44.400000000000006	61.6	-42.799999999999955	
4.200000000000003	7.399999999999999	12.399999999999977	14.400000000000006	13.799999999999997	-4.6	9.400000000000006	7.0	-0.2	4.400000000000006	-0.5999999999999943	17.200000000000045	20.599999999999994	27.799999999999997	12.399999999999977	8.400000000000006	4.0	18.0	15.600000000000001	33.2	6.399999999999977	8.200000000000003	5.600000000000001	15.400000000000091	5.599999999999994	27.2	0.19999999999998863	9.400000000000006	18.4	12.0	
-8.400000000000006	1.6000000000000014	12.0	-7.0	9.799999999999997	0.6000000000000001	-11.800000000000011	4.200000000000003	1.4	-10.0	-1.0	9.799999999999955	-7.400000000000006	13.799999999999997	18.399999999999977	-8.200000000000003	-0.7999999999999972	13.0	-7.0	16.200000000000003	19.399999999999977	-6.400000000000006	-2.1999999999999993	13.0	-5.799999999999997	11.799999999999997	14.199999999999989	-3.5999999999999943	4.399999999999999	16.200000000000045	
-7.0	19.6	-13.0	17.80000000000001	4.200000000000003	-1.2	17.400000000000006	12.799999999999997	0.0	13.400000000000006	11.199999999999989	-11.0	17.599999999999994	12.0	-39.60000000000002	7.400000000000006	17.200000000000003	-14.0	3.0	16.6	-50.80000000000001	3.4000000000000057	18.799999999999997	-17.200000000000045	-5.799999999999997	13.399999999999999	-34.599999999999994	-6.200000000000003	21.0	-27.799999999999955	
1.5999999999999943	-10.399999999999999	8.200000000000045	-7.800000000000011	3.200000000000003	-0.20000000000000018	-7.199999999999989	-1.0	2.6	-4.200000000000003	-2.5999999999999943	2.7999999999999545	-14.199999999999989	-1.2000000000000028	12.199999999999989	-3.200000000000003	-6.400000000000006	5.0	-6.800000000000001	-5.0	21.0	0.0	-9.8	7.0	-4.799999999999997	-6.200000000000003	20.400000000000006	1.4000000000000057	-12.0	16.0	

15.200000000000003	18.0	1.2000000000000455	19.400000000000006	8.400000000000006	-1.6	23.400000000000006	11.200000000000003	0.8	15.799999999999997	6.800000000000011	11.799999999999955	30.0	18.0	-0.8000000000000114	20.19999999999999	11.600000000000001	8.799999999999955	26.400000000000006	22.799999999999997	-11.199999999999989	18.0	16.0	7.0	20.799999999999997	25.6	-15.400000000000006	21.400000000000006	27.8	-4.2000000000000455	
18.599999999999994	9.8	10.600000000000023	21.599999999999994	6.799999999999997	0.7999999999999998	19.599999999999994	6.400000000000006	-0.4	14.799999999999997	1.5999999999999943	15.799999999999955	32.80000000000001	22.599999999999994	12.600000000000023	19.400000000000006	5.200000000000003	16.399999999999977	30.200000000000003	30.200000000000003	1.6000000000000227	21.599999999999994	7.200000000000003	15.200000000000045	28.200000000000003	29.2	-1.5999999999999943	25.200000000000003	20.4	4.399999999999977	
-5.200000000000003	0.7999999999999998	15.399999999999977	-0.5999999999999943	7.0	2.6	-6.199999999999989	3.200000000000003	1.6	-8.0	-2.0	11.799999999999955	1.4000000000000057	13.400000000000006	20.600000000000023	-4.599999999999994	-0.7999999999999972	14.200000000000045	3.799999999999997	17.6	16.80000000000001	-2.5999999999999943	1.0	12.200000000000045	0.4000000000000057	19.8	10.599999999999994	0.4000000000000057	10.6	13.799999999999955	
20.599999999999994	16.8	-18.399999999999977	29.0	2.0	-2.8	35.400000000000006	7.599999999999994	-2.0	31.400000000000006	9.199999999999989	-7.600000000000023	38.400000000000006	7.0	-28.600000000000023	31.400000000000006	11.399999999999999	-11.200000000000045	28.599999999999994	10.8	-43.19999999999999	26.400000000000006	14.200000000000003	-15.400000000000091	12.799999999999997	10.2	-33.8	18.400000000000006	15.8	-29.0	
5.200000000000003	-9.6	14.600000000000023	-3.8000000000000114	9.800000000000011	-3.0	-4.400000000000006	2.200000000000003	-2.0	-2.200000000000003	-3.5999999999999943	8.399999999999977	-7.599999999999994	11.200000000000003	16.19999999999999	-0.4000000000000057	-7.399999999999999	11.0	-4.600000000000001	9.2	27.19999999999999	1.5999999999999943	-8.200000000000003	14.599999999999909	4.0	4.600000000000001	23.0	5.200000000000003	-5.2	23.399999999999977	

-3.4000000000000057	18.799999999999997	4.600000000000023	3.4000000000000057	4.800000000000011	0.0	1.1999999999999886	11.800000000000011	-0.19999999999999996	-2.799999999999997	10.0	9.399999999999977	9.0	13.400000000000006	1.6000000000000227	-2.4000000000000057	14.0	8.0	10.599999999999994	18.599999999999994	-9.199999999999989	-2.0	18.799999999999997	6.0	7.399999999999999	24.200000000000003	-11.0	0.4000000000000057	27.200000000000003	-3.3999999999999773	
25.599999999999994	5.200000000000003	14.399999999999977	19.19999999999999	9.400000000000006	0.7999999999999998	19.599999999999994	2.4000000000000057	-1.0	15.400000000000006	-2.8000000000000114	20.200000000000045	33.80000000000001	19.799999999999997	32.0	21.0	-1.7999999999999972	22.0	42.400000000000006	28.799999999999997	27.600000000000023	28.400000000000006	3.3999999999999986	19.200000000000045	42.2	35.6	13.0	41.0	21.6	16.799999999999955	
17.0	-2.200000000000003	11.399999999999977	6.199999999999989	-2.8000000000000114	-1.4	5.199999999999989	-6.199999999999989	-0.4	4.599999999999994	-9.800000000000011	15.799999999999955	18.19999999999999	7.200000000000003	27.399999999999977	9.200000000000003	-8.799999999999997	16.399999999999977	27.400000000000006	18.0	22.399999999999977	11.799999999999997	-2.6000000000000014	13.200000000000045	25.200000000000003	27.200000000000003	6.200000000000003	21.599999999999994	9.0	13.399999999999977	
2.200000000000003	25.4	-15.799999999999955	18.0	-4.800000000000011	-2.5999999999999996	19.19999999999999	0.5999999999999943	2.2	13.800000000000011	3.8000000000000114	-4.2000000000000455	31.0	-3.0	-18.0	15.599999999999994	10.799999999999997	-7.2000000000000455	28.19999999999999	5.200000000000003	-41.19999999999999	12.800000000000011	17.200000000000003	-13.400000000000091	18.4	12.2	-42.0	12.600000000000001	24.0	-34.19999999999999	
0.20000000000000284	-9.4	17.399999999999977	-7.0	9.199999999999989	3.0	-9.599999999999994	3.5999999999999943	0.8	-7.199999999999989	-0.5999999999999943	8.200000000000045	-12.599999999999994	8.400000000000006	17.600000000000023	-5.800000000000011	-3.5999999999999943	12.200000000000045	-9.400000000000006	8.399999999999999	29.600000000000023	-3.0	-5.799999999999997	14.200000000000045	-4.800000000000001	7.800000000000001	26.599999999999994	-1.0	-5.399999999999999	27.0	

12.400000000000006	12.400000000000006	7.2000000000000455	3.0	3.4000000000000057	1.2000000000000002	6.800000000000011	9.400000000000006	-2.6	5.799999999999997	9.800000000000011	8.799999999999955	10.0	7.599999999999994	9.799999999999955	8.200000000000003	9.799999999999997	10.799999999999955	13.0	6.0	8.0	11.799999999999997	10.799999999999997	10.599999999999909	17.2	2.0	3.6000000000000014	14.599999999999994	13.800000000000011	6.7999999999999545	
19.0	-2.200000000000003	6.600000000000023	12.599999999999994	-5.800000000000011	-0.7999999999999998	14.400000000000006	-13.0	0.19999999999999996	12.200000000000003	-13.800000000000011	6.600000000000023	25.19999999999999	-5.799999999999997	14.600000000000023	17.0	-11.799999999999997	8.399999999999977	32.19999999999999	2.200000000000003	13.0	16.80000000000001	-9.799999999999997	7.2000000000000455	34.6	12.599999999999994	4.0	27.0	2.799999999999997	8.800000000000011	
19.400000000000006	0.7999999999999972	3.2000000000000455	7.0	-3.4000000000000057	-2.0	10.800000000000011	-4.400000000000006	0.6	12.400000000000006	-3.4000000000000057	7.0	19.19999999999999	-1.2000000000000028	17.200000000000045	14.0	-4.0	6.600000000000023	28.0	3.5999999999999943	13.600000000000023	17.19999999999999	-0.7999999999999972	4.599999999999909	28.4	13.0	-0.20000000000000284	26.6	7.0	3.6000000000000227	
12.400000000000006	37.599999999999994	-27.799999999999955	20.80000000000001	-15.800000000000011	1.4	23.400000000000006	-2.1999999999999886	0.6	17.400000000000006	4.400000000000006	-7.600000000000023	40.0	-14.800000000000011	-19.0	23.0	15.200000000000003	-14.200000000000045	46.60000000000002	-10.200000000000003	-49.39999999999998	21.80000000000001	24.599999999999994	-23.0	39.0	1.2000000000000028	-64.2	29.0	35.0	-58.39999999999998	
-15.400000000000006	-11.0	33.60000000000002	-27.599999999999994	11.199999999999989	-3.8	-38.80000000000001	5.199999999999989	0.6	-33.599999999999994	0.4000000000000057	22.799999999999955	-38.0	16.599999999999994	43.60000000000002	-29.0	-5.200000000000003	27.600000000000023	-25.599999999999994	18.200000000000003	67.39999999999998	-24.19999999999999	-10.0	31.0	-7.199999999999999	14.0	58.8	-10.799999999999997	-5.400000000000006	53.0	

13.0	18.200000000000003	3.3999999999999773	6.199999999999989	2.8000000000000114	-1.2000000000000002	8.0	5.0	1.4	9.799999999999997	8.400000000000006	6.2000000000000455	14.600000000000023	1.2000000000000028	7.0	10.599999999999994	8.0	5.2000000000000455	21.399999999999977	-0.4000000000000057	5.600000000000023	13.400000000000006	10.400000000000006	4.2000000000000455	27.400000000000006	7.199999999999989	-4.2	22.0	16.0	-4.399999999999977	
10.799999999999997	-10.400000000000006	15.600000000000023	-4.0	-3.0	-0.7999999999999998	-5.199999999999989	-6.599999999999994	-0.19999999999999996	-3.0	-8.800000000000011	11.0	-5.800000000000011	-3.200000000000003	28.200000000000045	0.4000000000000057	-9.200000000000003	11.799999999999955	5.199999999999989	-0.4000000000000057	38.19999999999999	6.599999999999994	-11.0	15.599999999999909	19.799999999999997	-0.19999999999998863	36.0	16.799999999999997	-8.800000000000011	26.0	
7.200000000000003	-6.0	13.399999999999977	-10.400000000000006	3.8000000000000114	-0.40000000000000036	-14.800000000000011	-3.5999999999999943	-0.4	-11.400000000000006	-2.4000000000000057	14.600000000000023	-12.600000000000023	2.200000000000003	36.799999999999955	-8.199999999999989	-8.0	17.600000000000023	1.0	4.199999999999989	48.60000000000002	1.5999999999999943	-7.799999999999997	19.200000000000045	21.400000000000006	7.800000000000011	40.4	14.200000000000003	-6.599999999999994	31.200000000000045	
24.400000000000006	30.19999999999999	-18.799999999999955	10.400000000000006	-13.400000000000006	-0.20000000000000018	18.19999999999999	-5.800000000000011	1.0	13.599999999999994	-0.4000000000000057	2.2000000000000455	33.39999999999998	-17.599999999999994	3.7999999999999545	20.80000000000001	6.799999999999997	-2.0	50.80000000000001	-15.599999999999994	-14.600000000000023	28.19999999999999	16.599999999999994	-11.400000000000091	65.0	1.0	-37.0	48.6	26.400000000000006	-40.0	
32.400000000000006	-34.0	25.0	-8.599999999999994	2.5999999999999943	0.7999999999999998	-8.0	-9.599999999999994	-1.2	-3.4000000000000057	-12.199999999999989	17.0	-13.199999999999989	3.200000000000003	44.799999999999955	2.4000000000000057	-20.4	21.600000000000023	-6.0	-2.8000000000000114	75.0	12.799999999999997	-26.400000000000006	24.59999999999991	19.0	-10.400000000000006	74.0	29.599999999999994	-34.19999999999999	55.0	

-1.8000000000000114	10.599999999999994	-2.0	9.8	-9.200000000000003	-4.8	6.0	-1.2000000000000002	-0.8	2.1999999999999993	3.5999999999999943	0.8000000000000114	11.599999999999994	-2.4000000000000057	0.8000000000000114	1.2000000000000002	5.600000000000001	-1.0	6.400000000000006	2.200000000000003	-6.199999999999989	0.5999999999999996	9.399999999999999	-0.599999999999909	-3.4000000000000057	4.599999999999994	-2.1999999999999886	-0.19999999999998863	8.200000000000003	-4.7999999999999545	
-9.199999999999989	6.599999999999994	-3.6000000000000227	14.8	-1.6000000000000014	4.6	10.399999999999999	-3.0	-1.0	3.0	-0.20000000000000284	2.1999999999999886	10.0	3.200000000000003	-10.800000000000011	2.0	3.799999999999997	-1.6000000000000227	0.4000000000000057	6.200000000000003	-15.600000000000023	-1.1999999999999993	6.600000000000001	-4.0	-3.8000000000000114	4.0	-8.0	-5.400000000000006	6.400000000000006	-8.0	
-0.5999999999999943	5.799999999999997	3.0	8.6	5.399999999999999	-0.19999999999999996	6.399999999999999	2.2	-0.6	3.3999999999999986	-0.7999999999999972	8.399999999999977	6.800000000000011	9.599999999999994	3.6000000000000227	1.5999999999999996	1.3999999999999986	6.2000000000000455	2.4000000000000057	9.200000000000003	-0.8000000000000114	1.2	3.0	2.7999999999999545	-2.1999999999999886	9.400000000000006	-0.39999999999997726	-0.19999999999998863	7.200000000000003	2.3999999999999773	
-21.400000000000006	15.0	-3.7999999999999545	-14.0	39.0	3.2	-7.199999999999999	45.2	0.0	-4.6	30.200000000000003	-10.399999999999977	-32.80000000000001	41.0	-55.39999999999998	-13.6	29.8	-8.399999999999977	-37.0	26.6	-33.80000000000001	-18.2	21.200000000000003	-7.599999999999909	-34.400000000000006	12.199999999999989	-14.600000000000023	-25.80000000000001	17.0	-10.200000000000045	
22.400000000000006	-9.400000000000006	-3.7999999999999545	25.0	-28.0	0.5999999999999996	29.200000000000003	-28.6	1.8	26.4	-19.599999999999994	-1.3999999999999773	39.0	-27.200000000000003	16.80000000000001	27.0	-18.4	-0.6000000000000227	36.400000000000006	-19.0	8.199999999999989	25.2	-13.4	-3.2000000000000455	31.599999999999994	-5.599999999999994	5.0	30.80000000000001	-11.800000000000011	-2.3999999999999773	

-1.4000000000000057	4.599999999999994	1.6000000000000227	-4.600000000000001	-3.0	2.4	-2.6000000000000014	1.3999999999999986	-2.8	-3.6000000000000014	4.599999999999994	0.39999999999997726	-2.0	-1.4000000000000057	4.800000000000011	-3.0	5.799999999999997	1.7999999999999545	-0.8000000000000114	1.2000000000000028	2.6000000000000227	-2.8000000000000007	4.199999999999999	-0.599999999999909	1.8000000000000114	-0.19999999999998863	4.399999999999977	-2.8000000000000114	4.400000000000006	1.0	
-10.0	4.599999999999994	-2.7999999999999545	0.20000000000000284	3.0	-0.19999999999999996	-1.2000000000000028	0.20000000000000284	-1.6	-3.0	1.2000000000000028	-1.8000000000000114	-2.799999999999997	3.4000000000000057	-13.0	-4.399999999999999	-0.7999999999999972	-3.3999999999999773	-5.400000000000006	4.200000000000003	-12.800000000000011	-5.800000000000001	2.5999999999999996	-3.599999999999909	-9.199999999999989	3.0	-7.800000000000011	-10.0	4.599999999999994	-7.600000000000023	
-12.400000000000006	9.0	-1.7999999999999545	0.7999999999999972	-0.20000000000000284	-4.4	-3.4000000000000057	4.600000000000001	-1.8	-4.399999999999999	3.5999999999999943	6.199999999999989	1.2000000000000028	5.400000000000006	1.0	-4.800000000000001	6.600000000000001	1.6000000000000227	-3.4000000000000057	10.0	-4.0	-5.600000000000001	8.4	-0.40000000000009095	-4.800000000000011	6.800000000000011	-4.0	-6.599999999999994	8.799999999999997	-3.0	
-10.0	10.799999999999997	-6.600000000000023	4.399999999999999	13.599999999999994	0.3999999999999999	7.400000000000006	15.8	2.0	4.200000000000003	10.0	-5.0	-4.200000000000003	18.599999999999994	-27.399999999999977	-1.8000000000000007	12.2	-6.600000000000023	-11.400000000000006	15.799999999999997	-24.0	-4.8	12.0	-6.2000000000000455	-15.400000000000006	9.800000000000011	-12.0	-9.400000000000006	11.599999999999994	-7.600000000000023	
8.599999999999994	-9.599999999999994	4.0	-6.799999999999997	-8.0	2.4	-1.2000000000000028	-9.200000000000003	2.8	3.1999999999999993	-4.0	-4.199999999999989	2.0	-13.0	9.800000000000011	6.399999999999999	-7.600000000000001	1.3999999999999773	7.800000000000011	-13.200000000000003	14.399999999999977	10.2	-10.6	4.2000000000000455	13.599999999999994	-10.800000000000011	12.800000000000011	12.599999999999994	-11.400000000000006	4.399999999999977	

-22.0	10.200000000000003	18.600000000000023	-35.599999999999994	22.0	2.2	-36.400000000000006	30.6	2.2	-27.799999999999997	24.799999999999997	5.399999999999977	-44.8	23.599999999999994	1.3999999999999773	-27.799999999999997	20.6	9.200000000000045	-36.400000000000006	15.200000000000003	15.800000000000011	-25.6	13.600000000000001	16.40000000000009	-22.400000000000006	7.800000000000011	20.599999999999994	-25.19999999999999	8.799999999999997	23.600000000000023	
-27.19999999999999	8.399999999999999	9.200000000000045	-20.400000000000006	20.400000000000006	-8.8	-27.799999999999997	18.799999999999997	1.2	-27.4	13.0	5.7999999999999545	-31.4	25.200000000000003	-6.399999999999977	-28.4	13.399999999999999	5.600000000000023	-29.0	20.799999999999997	-3.8000000000000114	-27.8	11.600000000000001	7.0	-28.599999999999994	13.599999999999994	-3.0	-28.400000000000006	15.0	6.0	
5.599999999999994	5.200000000000003	-1.0	13.200000000000003	-5.0	3.2	13.400000000000006	-6.599999999999994	0.0	10.399999999999999	-6.400000000000006	7.2000000000000455	19.0	1.8000000000000114	8.0	11.200000000000003	-4.0	4.399999999999977	16.599999999999994	4.0	1.3999999999999773	12.600000000000001	0.0	0.7999999999999545	11.199999999999989	4.199999999999989	-2.1999999999999886	11.199999999999989	3.200000000000003	-2.7999999999999545	
-37.0	21.4	-14.799999999999955	-7.799999999999997	15.799999999999997	1.0	-8.799999999999997	31.0	-3.6	-11.0	31.599999999999994	-30.80000000000001	-27.4	19.0	-72.0	-23.2	33.4	-29.799999999999955	-41.0	12.0	-59.19999999999999	-30.6	29.799999999999997	-23.200000000000045	-39.0	6.800000000000011	-34.400000000000006	-41.19999999999999	19.599999999999994	-25.399999999999977	
-9.800000000000011	-8.400000000000006	11.200000000000045	-28.599999999999994	5.799999999999997	0.6000000000000001	-34.2	5.599999999999994	-1.6	-26.200000000000003	4.200000000000003	-0.6000000000000227	-36.2	3.1999999999999886	10.399999999999977	-24.799999999999997	-0.6000000000000014	4.7999999999999545	-24.599999999999994	-1.7999999999999972	21.600000000000023	-20.0	-3.8000000000000007	9.799999999999955	-13.400000000000006	-1.8000000000000114	18.599999999999994	-15.199999999999989	-7.0	16.799999999999955	

3.0	18.200000000000003	0.39999999999997726	15.200000000000003	15.799999999999997	1.4	17.599999999999994	25.6	2.4	14.200000000000003	20.799999999999997	-4.2000000000000455	9.4	26.400000000000006	-32.60000000000002	10.200000000000003	21.4	-5.600000000000023	-3.200000000000003	24.6	-31.600000000000023	3.6000000000000014	18.6	-4.599999999999909	-6.800000000000011	17.200000000000003	-11.400000000000006	-4.400000000000006	19.799999999999997	-5.600000000000023	
-7.400000000000006	4.399999999999999	8.600000000000023	0.7999999999999972	13.400000000000006	1.6	0.7999999999999972	16.599999999999994	0.0	-1.6000000000000014	9.0	3.7999999999999545	-4.0	23.400000000000006	-15.600000000000023	-3.0	8.200000000000003	3.3999999999999773	-10.599999999999994	21.4	-11.600000000000023	-5.0	7.399999999999999	5.2000000000000455	-13.400000000000006	15.200000000000003	-6.199999999999989	-9.800000000000011	12.0	4.399999999999977	
-12.800000000000011	1.2000000000000028	16.799999999999955	-17.799999999999997	14.200000000000003	0.3999999999999999	-20.200000000000003	10.799999999999997	1.8	-18.200000000000003	3.1999999999999886	15.799999999999955	-18.6	20.599999999999994	13.800000000000011	-16.0	3.0	16.0	-15.0	18.799999999999997	17.19999999999999	-14.799999999999997	4.600000000000001	16.799999999999955	-15.599999999999994	12.199999999999989	13.400000000000006	-12.199999999999989	8.200000000000003	18.399999999999977	
-3.5999999999999943	18.0	-20.799999999999955	26.400000000000006	6.799999999999997	-5.6	29.799999999999997	14.200000000000003	1.6	21.200000000000003	10.400000000000006	-14.0	21.4	14.800000000000011	-49.0	16.6	15.0	-18.399999999999977	2.799999999999997	14.799999999999997	-54.60000000000002	8.200000000000003	16.0	-17.59999999999991	-6.400000000000006	9.199999999999989	-34.80000000000001	-0.5999999999999943	15.400000000000006	-28.399999999999977	
-1.0	-12.200000000000003	6.600000000000023	-14.400000000000006	1.0	2.4	-11.200000000000003	-3.5999999999999943	0.2	-9.200000000000003	-3.8000000000000114	-1.2000000000000455	-10.6	-1.5999999999999943	5.800000000000011	-5.200000000000003	-7.200000000000003	3.0	-8.200000000000003	-4.0	13.399999999999977	-3.0	-9.0	4.7999999999999545	-4.800000000000011	-5.400000000000006	12.599999999999994	-1.8000000000000114	-8.799999999999997	9.399999999999977	

-31.19999999999999	21.4	0.7999999999999545	-10.199999999999989	8.599999999999994	-1.0	-15.800000000000011	16.200000000000003	-1.4	-18.799999999999997	17.400000000000006	-3.6000000000000227	-17.0	13.400000000000006	-18.80000000000001	-21.200000000000003	20.0	-4.7999999999999545	-23.0	14.2	-20.600000000000023	-25.6	21.200000000000003	-4.2000000000000455	-26.0	11.799999999999997	-14.599999999999994	-28.599999999999994	20.4	-9.199999999999989	
-20.19999999999999	25.2	6.2000000000000455	5.199999999999989	23.799999999999997	3.8	-3.8000000000000114	29.200000000000003	0.2	-7.200000000000003	20.599999999999994	7.2000000000000455	1.2000000000000028	42.0	-26.19999999999999	-10.400000000000006	26.6	6.2000000000000455	-13.600000000000001	44.4	-36.60000000000002	-13.399999999999999	26.400000000000006	6.0	-23.400000000000006	34.8	-23.599999999999994	-22.19999999999999	36.2	-5.800000000000011	
-16.400000000000006	11.2	10.399999999999977	-8.599999999999994	11.599999999999994	1.0	-14.599999999999994	11.400000000000006	0.6	-16.200000000000003	5.599999999999994	10.399999999999977	-8.799999999999997	22.400000000000006	4.800000000000011	-13.599999999999994	6.200000000000003	9.399999999999977	-10.399999999999999	23.2	1.3999999999999773	-13.599999999999994	8.200000000000003	11.599999999999909	-12.199999999999989	17.400000000000006	1.5999999999999943	-13.0	16.799999999999997	7.399999999999977	
5.599999999999994	14.4	-16.200000000000045	29.400000000000006	-0.5999999999999943	3.2	30.80000000000001	6.599999999999994	-1.0	23.200000000000003	6.799999999999997	-8.799999999999955	31.599999999999994	4.599999999999994	-37.0	20.400000000000006	12.2	-13.399999999999977	15.8	7.799999999999997	-48.80000000000001	15.0	16.0	-19.0	3.1999999999999886	5.200000000000003	-40.2	8.0	14.8	-31.0	
13.400000000000006	-7.800000000000001	16.399999999999977	2.0	11.400000000000006	-2.4	2.5999999999999943	5.0	0.4	7.399999999999999	-0.5999999999999943	4.399999999999977	-1.5999999999999943	7.400000000000006	11.0	6.799999999999997	-2.200000000000003	9.399999999999977	0.0	2.6000000000000014	21.0	8.799999999999997	-5.600000000000001	9.599999999999909	9.800000000000011	3.5999999999999943	21.80000000000001	12.199999999999989	-5.399999999999999	23.0	

-7.199999999999989	31.400000000000006	-9.200000000000045	9.800000000000011	15.0	3.0	9.800000000000011	21.400000000000006	0.6	3.0	21.799999999999997	-1.3999999999999773	13.199999999999989	20.400000000000006	-26.399999999999977	1.5999999999999943	26.8	-5.600000000000023	0.8000000000000007	25.8	-40.39999999999998	-2.0	29.799999999999997	-11.0	-9.400000000000006	21.799999999999997	-30.2	-10.800000000000011	31.799999999999997	-24.600000000000023	
6.599999999999994	28.0	-5.2000000000000455	19.80000000000001	10.0	-1.2	14.599999999999994	10.0	2.2	6.599999999999994	5.199999999999989	15.799999999999955	37.19999999999999	24.19999999999999	-4.0	10.799999999999997	12.6	10.600000000000023	34.6	35.8	-31.19999999999999	16.0	20.799999999999997	3.599999999999909	20.400000000000006	39.0	-42.6	17.400000000000006	42.8	-24.0	
-12.199999999999989	11.399999999999999	11.799999999999955	-9.599999999999994	17.19999999999999	3.0	-15.800000000000011	13.400000000000006	2.4	-19.200000000000003	7.400000000000006	14.399999999999977	-7.599999999999994	26.400000000000006	10.0	-16.400000000000006	8.399999999999999	13.399999999999977	-7.200000000000003	29.2	8.600000000000023	-14.200000000000003	11.0	16.0	-10.199999999999989	24.4	2.3999999999999986	-11.199999999999989	20.200000000000003	12.800000000000011	
-0.8000000000000114	21.599999999999994	-22.200000000000045	25.400000000000006	1.5999999999999943	1.7999999999999998	25.599999999999994	4.0	-1.8	17.799999999999997	6.0	-9.799999999999955	31.0	0.4000000000000057	-31.600000000000023	15.799999999999997	12.600000000000001	-15.600000000000023	21.4	5.4	-51.599999999999994	11.0	18.799999999999997	-20.399999999999977	4.800000000000011	7.0	-49.4	4.0	20.200000000000003	-41.80000000000001	
9.599999999999994	-2.799999999999997	17.0	6.599999999999994	10.800000000000011	1.4	6.599999999999994	6.799999999999997	-1.0	6.0	0.8000000000000114	9.0	3.8000000000000114	15.199999999999989	6.199999999999989	6.200000000000003	-2.1999999999999993	11.200000000000045	2.0	13.6	12.800000000000011	4.600000000000001	-1.0	14.400000000000091	6.199999999999989	11.0	14.0	10.0	3.8000000000000007	18.399999999999977	

-16.599999999999994	44.19999999999999	9.200000000000045	8.400000000000006	26.80000000000001	1.6	3.0	36.0	2.2	-5.400000000000006	30.400000000000006	8.200000000000045	14.400000000000006	42.400000000000006	-24.80000000000001	-7.599999999999994	40.2	9.0	1.4000000000000057	52.0	-43.400000000000006	-11.599999999999994	43.80000000000001	7.0	-15.400000000000006	44.2	-37.0	-19.599999999999994	57.80000000000001	-13.399999999999977	
-0.5999999999999943	27.400000000000006	8.799999999999955	8.199999999999989	18.400000000000006	-0.6000000000000001	4.0	17.400000000000006	-0.6	-2.4000000000000057	10.599999999999994	17.600000000000023	23.80000000000001	31.80000000000001	3.6000000000000227	4.599999999999994	15.2	18.399999999999977	23.799999999999997	42.8	-15.199999999999989	3.5999999999999943	24.400000000000006	14.799999999999955	11.400000000000006	45.0	-27.200000000000003	8.199999999999989	45.599999999999994	-2.3999999999999773	
1.4000000000000057	15.199999999999989	4.7999999999999545	2.5999999999999943	7.400000000000006	-0.7999999999999998	-2.8000000000000114	5.0	-0.6	-6.799999999999997	1.0	11.799999999999955	14.599999999999994	19.400000000000006	9.0	-1.5999999999999943	4.2	13.399999999999977	16.0	25.2	-5.400000000000006	1.0	8.800000000000011	9.200000000000045	10.799999999999997	29.8	-17.599999999999994	7.800000000000011	25.200000000000003	-4.0	
18.599999999999994	1.0	-7.2000000000000455	26.400000000000006	-9.0	0.20000000000000018	27.80000000000001	-8.199999999999989	-0.2	26.0	-7.599999999999994	1.2000000000000455	35.0	-6.800000000000011	-9.0	25.200000000000003	-4.0	-0.39999999999997726	32.0	-2.8000000000000007	-23.0	24.200000000000003	1.1999999999999886	-4.600000000000023	19.400000000000006	-0.20000000000000284	-23.200000000000003	22.400000000000006	7.200000000000003	-18.19999999999999	
1.4000000000000057	-0.20000000000000284	30.399999999999977	-1.0	18.80000000000001	-0.20000000000000018	-2.8000000000000114	18.799999999999997	1.2	-1.5999999999999943	10.0	13.799999999999955	-3.4000000000000057	30.599999999999994	9.199999999999989	-4.799999999999997	8.2	20.799999999999955	-6.400000000000006	28.2	18.599999999999994	-2.6000000000000014	4.800000000000011	25.799999999999955	-3.1999999999999886	22.799999999999997	21.4	0.19999999999998863	13.200000000000003	36.0	

9.199999999999989	35.599999999999994	8.600000000000023	3.4000000000000057	7.0	-0.5999999999999996	0.0	12.0	0.4	-3.799999999999997	12.599999999999994	15.399999999999977	16.399999999999977	13.400000000000006	18.399999999999977	2.799999999999997	16.2	18.200000000000045	31.599999999999994	19.599999999999994	6.399999999999977	9.200000000000003	25.19999999999999	15.400000000000091	38.0	28.0	-15.199999999999989	27.400000000000006	41.19999999999999	-4.399999999999977	
18.80000000000001	7.400000000000006	14.799999999999955	3.8000000000000114	-4.599999999999994	1.7999999999999998	5.0	-4.599999999999994	1.6	3.6000000000000014	-6.199999999999989	16.399999999999977	20.19999999999999	4.799999999999997	31.399999999999977	9.0	-5.4	17.799999999999955	37.400000000000006	13.799999999999997	28.0	17.799999999999997	0.4000000000000057	16.799999999999955	48.8	26.400000000000006	5.199999999999989	38.2	21.19999999999999	10.600000000000023	
2.8000000000000114	-14.599999999999994	24.200000000000045	-21.400000000000006	10.400000000000006	-1.4000000000000004	-28.0	-2.4000000000000057	-0.8	-20.2	-6.599999999999994	16.600000000000023	-20.80000000000001	12.0	40.60000000000002	-19.400000000000006	-12.4	21.200000000000045	-8.0	16.200000000000003	58.60000000000002	-8.0	-15.199999999999989	26.0	10.6	20.400000000000006	49.2	5.599999999999994	-4.400000000000006	47.19999999999999	
39.599999999999994	1.0	-15.399999999999977	19.400000000000006	-23.400000000000006	2.6	25.400000000000006	-26.599999999999994	0.6	24.400000000000006	-23.400000000000006	3.2000000000000455	40.60000000000002	-29.0	8.399999999999977	29.200000000000003	-19.4	1.0	55.60000000000002	-24.0	-6.599999999999994	40.8	-10.400000000000006	-8.200000000000045	62.8	-15.0	-26.80000000000001	58.599999999999994	-3.5999999999999943	-29.399999999999977	
18.80000000000001	-18.80000000000001	41.799999999999955	5.199999999999989	14.800000000000011	2.5999999999999996	0.5999999999999943	4.799999999999997	-0.8	2.200000000000003	-4.599999999999994	21.0	0.8000000000000114	21.0	32.80000000000001	4.599999999999994	-7.4	28.200000000000045	2.1999999999999886	22.200000000000003	51.599999999999994	9.599999999999994	-12.199999999999989	34.799999999999955	15.8	20.80000000000001	52.0	16.0	-5.0	58.39999999999998	

-16.80000000000001	7.600000000000023	3.0	-18.19999999999999	5.800000000000011	0.7999999999999998	-24.0	6.799999999999997	0.0	-20.4	7.599999999999994	1.0	-26.399999999999977	5.0	8.399999999999977	-20.4	7.799999999999997	2.2000000000000455	-23.0	-0.4000000000000057	14.800000000000011	-20.0	6.599999999999994	1.0	-12.400000000000006	-6.600000000000023	14.399999999999977	-16.0	0.19999999999998863	5.399999999999977	
-12.0	9.399999999999977	-1.0	-6.599999999999994	-4.0	2.0	-8.800000000000011	-2.4000000000000057	-2.2	-7.8	0.4000000000000057	0.39999999999997726	-1.8000000000000114	-0.7999999999999972	8.399999999999977	-8.399999999999999	0.7999999999999972	-0.39999999999997726	12.0	5.199999999999989	3.8000000000000114	-5.399999999999999	4.800000000000011	-2.0	23.599999999999994	18.600000000000023	-14.399999999999977	2.5999999999999943	21.600000000000023	-8.600000000000023	
-25.80000000000001	-48.80000000000001	34.0	-19.19999999999999	10.599999999999994	-1.2000000000000002	-25.400000000000006	-0.7999999999999972	0.2	-18.4	-7.0	4.7999999999999545	-39.0	13.799999999999997	19.0	-24.200000000000003	-13.200000000000003	10.399999999999977	-49.60000000000002	13.199999999999989	50.19999999999999	-26.8	-28.599999999999994	20.0	-48.8	10.600000000000023	70.80000000000001	-43.19999999999999	-36.80000000000001	65.60000000000002	
37.19999999999999	49.60000000000002	-36.0	20.0	-20.599999999999994	4.8	27.599999999999994	-14.0	-0.19999999999999996	24.200000000000003	-4.400000000000006	-3.2000000000000455	46.80000000000001	-28.400000000000006	2.1999999999999886	33.400000000000006	3.200000000000003	-6.399999999999977	76.80000000000001	-31.400000000000006	-21.599999999999994	41.400000000000006	20.19999999999999	-19.0	100.80000000000001	-13.0	-63.80000000000001	77.8	39.39999999999998	-69.0	
-10.800000000000011	-54.39999999999998	61.60000000000002	-17.80000000000001	14.400000000000006	1.7999999999999998	-21.80000000000001	1.7999999999999972	-0.4	-14.600000000000001	-8.599999999999994	16.0	-34.0	20.599999999999994	33.80000000000001	-20.799999999999997	-16.4	25.200000000000045	-46.0	23.0	71.80000000000001	-21.599999999999994	-29.80000000000001	40.59999999999991	-36.400000000000006	18.80000000000001	95.60000000000002	-30.599999999999994	-33.19999999999999	101.39999999999998	

16.0	7.599999999999994	7.7999999999999545	7.599999999999994	8.599999999999994	1.6	12.800000000000011	10.8	0.6	11.800000000000011	7.600000000000001	10.600000000000023	12.600000000000023	12.599999999999994	15.400000000000006	15.0	8.4	10.799999999999955	15.600000000000023	10.800000000000011	13.800000000000011	15.599999999999994	7.600000000000001	11.200000000000045	12.600000000000023	6.400000000000006	8.0	16.19999999999999	8.0	10.600000000000023	
3.0	3.5999999999999943	-6.0	24.80000000000001	1.5999999999999943	0.20000000000000018	23.400000000000006	-1.1999999999999993	-0.4	15.400000000000006	-5.200000000000003	5.600000000000023	20.19999999999999	4.599999999999994	-13.0	13.0	-0.40000000000000036	-1.3999999999999773	8.199999999999989	5.800000000000011	-19.0	9.599999999999994	2.6000000000000014	-6.0	3.8000000000000114	3.5999999999999943	-13.400000000000006	3.1999999999999886	3.8000000000000114	-11.600000000000023	
-14.800000000000011	8.599999999999994	1.3999999999999773	-10.0	31.400000000000006	-0.6	-11.800000000000011	26.2	1.2	-12.599999999999994	10.0	14.0	-19.399999999999977	34.19999999999999	-11.199999999999989	-13.400000000000006	12.0	9.600000000000023	-21.80000000000001	27.80000000000001	-10.399999999999977	-10.800000000000011	11.399999999999999	6.2000000000000455	-20.19999999999999	21.599999999999994	-8.0	-17.80000000000001	15.599999999999994	-1.0	
-27.399999999999977	18.6	-5.0	-6.199999999999989	31.400000000000006	-5.8	-4.599999999999994	45.6	-0.4	-3.5999999999999943	34.4	-17.600000000000023	-32.80000000000001	32.19999999999999	-64.0	-12.199999999999989	30.6	-16.600000000000023	-36.0	20.19999999999999	-41.0	-16.19999999999999	22.6	-10.600000000000023	-29.600000000000023	12.400000000000006	-17.80000000000001	-23.399999999999977	17.599999999999994	-14.200000000000045	
-0.8000000000000114	-9.0	-1.2000000000000455	-1.5999999999999943	-17.400000000000006	-2.8	-3.200000000000003	-19.0	0.4	-3.5999999999999943	-10.200000000000003	-9.0	0.8000000000000114	-20.0	5.800000000000011	-3.5999999999999943	-10.2	-7.2000000000000455	2.8000000000000114	-14.800000000000011	3.8000000000000114	-1.5999999999999943	-8.6	-6.7999999999999545	5.399999999999977	-13.800000000000011	-0.5999999999999943	0.39999999999997726	-11.0	-3.2000000000000455	

-1.8000000000000114	14.200000000000003	9.200000000000045	-8.400000000000006	27.400000000000006	-0.6	-7.599999999999994	29.799999999999997	0.8	-4.799999999999997	23.200000000000003	8.0	-13.400000000000006	27.0	-1.6000000000000227	-3.4000000000000057	20.799999999999997	10.200000000000045	-11.399999999999977	21.80000000000001	3.8000000000000114	-3.0	17.6	9.200000000000045	-7.600000000000023	16.400000000000006	8.0	-2.6000000000000227	17.19999999999999	11.0	
-7.600000000000023	2.5999999999999943	-2.7999999999999545	-0.20000000000000284	10.199999999999989	2.6	-5.599999999999994	7.0	-0.3999999999999999	-5.0	1.7999999999999972	3.8000000000000114	-7.199999999999989	9.800000000000011	-3.0	-4.799999999999997	4.200000000000003	3.3999999999999773	-6.600000000000023	4.599999999999994	-4.399999999999977	-3.0	2.1999999999999993	2.3999999999999773	-7.800000000000011	3.0	-3.8000000000000114	-4.600000000000023	3.8000000000000114	0.0	
-1.1999999999999886	7.400000000000006	0.39999999999997726	3.799999999999997	20.0	1.2	1.2000000000000028	13.599999999999994	-2.4	1.2000000000000028	4.599999999999994	11.199999999999989	-1.5999999999999943	21.0	-8.0	0.20000000000000284	6.0	8.799999999999955	-4.800000000000011	14.800000000000011	-8.0	-1.4000000000000057	4.4	3.3999999999999773	-4.800000000000011	9.800000000000011	-6.400000000000006	-4.399999999999977	9.599999999999994	-0.7999999999999545	
-9.199999999999989	7.400000000000006	-13.799999999999955	11.400000000000006	-3.0	3.0	12.200000000000003	10.400000000000006	0.8	11.400000000000006	13.599999999999994	-23.399999999999977	-1.8000000000000114	0.4000000000000057	-45.400000000000006	1.0	12.600000000000001	-23.399999999999977	-11.399999999999977	-0.19999999999998863	-39.60000000000002	-6.400000000000006	10.8	-19.600000000000023	-12.199999999999989	-3.4000000000000057	-22.0	-11.399999999999977	4.199999999999989	-21.799999999999955	
9.399999999999977	-6.400000000000006	8.600000000000023	-7.599999999999994	0.4000000000000057	-0.19999999999999996	-7.599999999999994	-4.799999999999997	0.0	-4.599999999999994	-5.799999999999997	10.199999999999989	0.19999999999998863	-0.39999999999997726	26.399999999999977	2.4000000000000057	-8.799999999999997	14.0	8.800000000000011	-2.1999999999999886	25.600000000000023	5.799999999999997	-8.2	13.0	12.0	-2.1999999999999886	16.80000000000001	10.600000000000023	-6.0	14.799999999999955	

-14.0	2.4000000000000057	11.399999999999977	-20.0	4.400000000000006	-5.2	-24.2	14.200000000000003	0.0	-18.6	12.599999999999994	-9.800000000000011	-31.0	4.199999999999989	-8.600000000000023	-21.400000000000006	9.799999999999997	-3.6000000000000227	-25.0	1.5999999999999943	7.600000000000023	-17.799999999999997	3.4000000000000004	6.2000000000000455	-16.399999999999977	0.0	11.800000000000011	-17.600000000000023	0.8000000000000114	12.0	
-25.0	8.400000000000006	4.399999999999977	-22.8	20.599999999999994	0.5999999999999996	-27.0	22.799999999999997	0.8	-24.0	17.400000000000006	-0.6000000000000227	-28.80000000000001	18.0	-13.199999999999989	-22.599999999999994	13.799999999999997	1.0	-29.19999999999999	15.400000000000006	-6.600000000000023	-23.200000000000003	10.4	7.0	-25.0	8.400000000000006	0.19999999999998863	-24.19999999999999	10.199999999999989	4.7999999999999545	
8.800000000000011	-4.0	6.399999999999977	5.8	5.800000000000011	1.5999999999999996	6.0	1.7999999999999972	1.4	3.799999999999997	-3.0	9.399999999999977	7.800000000000011	9.0	6.0	6.200000000000003	-3.0	10.399999999999977	8.199999999999989	8.199999999999989	1.6000000000000227	8.0	-3.1999999999999993	8.399999999999977	2.3999999999999773	3.5999999999999943	0.4000000000000057	9.0	-0.19999999999998863	5.399999999999977	
-6.199999999999989	5.799999999999997	-6.600000000000023	2.4000000000000004	2.1999999999999886	-1.5999999999999996	3.8	10.400000000000006	0.8	2.799999999999997	10.400000000000006	-14.0	-7.0	4.399999999999977	-29.19999999999999	-1.2000000000000028	11.200000000000003	-14.399999999999977	-10.199999999999989	1.1999999999999886	-22.0	-4.400000000000006	7.4	-9.799999999999955	-12.800000000000011	1.5999999999999943	-10.400000000000006	-9.600000000000023	3.8000000000000114	-10.399999999999977	
14.600000000000023	-1.0	5.0	2.3999999999999986	3.0	0.6000000000000001	4.799999999999997	1.5999999999999943	1.8	8.8	1.7999999999999972	2.3999999999999773	6.200000000000003	1.1999999999999886	11.399999999999977	7.800000000000001	2.200000000000003	6.399999999999977	10.400000000000006	1.1999999999999886	15.600000000000023	11.399999999999999	0.0	6.0	11.599999999999994	2.0	13.800000000000011	13.800000000000011	1.4000000000000057	10.200000000000045	

-29.19999999999999	10.600000000000001	-2.7999999999999545	-13.799999999999997	3.5999999999999943	1.0	-16.6	17.799999999999997	0.4	-16.0	21.599999999999994	-24.399999999999977	-31.400000000000006	3.1999999999999886	-40.19999999999999	-26.0	22.2	-20.799999999999955	-37.80000000000001	2.8000000000000114	-26.80000000000001	-31.400000000000006	15.799999999999997	-13.799999999999955	-34.60000000000002	1.8000000000000114	-7.199999999999989	-37.60000000000002	7.400000000000006	-6.0	
-29.0	16.4	2.0	-15.2	19.599999999999994	-0.6000000000000001	-21.4	26.0	-0.4	-23.2	20.599999999999994	-3.6000000000000227	-28.200000000000003	25.19999999999999	-29.0	-25.6	21.2	-4.2000000000000455	-35.80000000000001	22.0	-24.80000000000001	-29.599999999999994	19.200000000000003	-1.7999999999999545	-35.60000000000002	11.800000000000011	-9.400000000000006	-36.19999999999999	17.799999999999997	-1.0	
-14.399999999999977	9.399999999999999	7.2000000000000455	-11.399999999999999	10.800000000000011	0.6	-16.2	12.799999999999997	0.19999999999999996	-17.2	9.200000000000003	9.199999999999989	-15.599999999999994	17.80000000000001	6.399999999999977	-14.799999999999997	9.399999999999999	9.399999999999977	-14.199999999999989	16.400000000000006	6.0	-14.400000000000006	10.200000000000003	8.0	-12.199999999999989	8.599999999999994	0.0	-12.800000000000011	12.400000000000006	8.399999999999977	
-20.80000000000001	6.600000000000001	-20.0	2.6000000000000014	-11.800000000000011	7.0	2.6000000000000014	0.0	0.6	-0.1999999999999993	8.0	-22.80000000000001	-3.5999999999999943	-13.0	-29.80000000000001	-7.0	11.600000000000001	-26.200000000000045	-11.199999999999989	-9.400000000000006	-31.19999999999999	-12.400000000000006	9.399999999999999	-21.799999999999955	-13.600000000000023	-8.400000000000006	-16.599999999999994	-19.0	3.4000000000000057	-23.19999999999999	
1.8000000000000114	-5.0	14.200000000000045	-13.399999999999999	6.0	-0.7999999999999998	-14.0	5.400000000000006	-0.4	-11.2	4.200000000000003	-0.19999999999998863	-17.200000000000003	5.600000000000023	8.800000000000011	-9.200000000000003	0.7999999999999972	7.399999999999977	-11.0	0.5999999999999943	20.399999999999977	-6.0	-3.3999999999999986	12.0	-4.199999999999989	0.8000000000000114	15.599999999999994	0.0	-4.0	18.0	

-4.399999999999977	23.8	-12.200000000000045	6.799999999999997	5.400000000000006	-1.4	12.599999999999994	17.19999999999999	-1.0	7.600000000000001	21.599999999999994	-6.399999999999977	6.8	7.800000000000011	-14.399999999999977	7.399999999999999	24.0	-12.600000000000023	1.0	10.0	-21.0	1.1999999999999993	24.200000000000003	-12.399999999999977	-2.4000000000000057	10.599999999999994	-11.599999999999994	-5.399999999999977	17.799999999999997	-17.0	
-61.0	27.2	29.799999999999955	-26.400000000000006	39.0	-1.0	-44.599999999999994	50.400000000000006	-2.2	-48.4	35.0	2.1999999999999886	-54.4	57.19999999999999	-52.0	-54.4	37.2	9.0	-69.80000000000001	53.599999999999994	-40.19999999999999	-58.2	33.400000000000006	17.399999999999977	-68.19999999999999	38.400000000000006	-13.200000000000003	-68.19999999999999	41.599999999999994	15.399999999999977	
1.0	11.8	8.0	6.599999999999994	15.400000000000006	-0.7999999999999998	5.200000000000003	17.19999999999999	0.6	3.200000000000003	11.400000000000006	8.800000000000011	7.8	20.600000000000023	-8.199999999999989	3.6000000000000014	13.200000000000003	7.2000000000000455	1.4000000000000057	20.0	-10.0	2.3999999999999986	13.799999999999997	5.7999999999999545	-3.0	18.599999999999994	-7.200000000000003	-0.6000000000000227	18.0	0.0	
-19.0	-1.1999999999999993	-11.399999999999977	0.7999999999999972	-7.399999999999977	3.6	-1.2000000000000028	3.5999999999999943	0.4	-3.0	3.4000000000000057	-16.600000000000023	-10.2	-3.8000000000000114	-42.80000000000001	-10.600000000000001	5.399999999999999	-21.399999999999977	-23.19999999999999	-3.5999999999999943	-40.599999999999994	-17.0	3.6000000000000014	-15.399999999999977	-26.80000000000001	-5.599999999999994	-22.799999999999997	-26.600000000000023	-1.4000000000000057	-19.600000000000023	
7.600000000000023	-16.200000000000003	20.399999999999977	0.0	1.8000000000000114	1.2000000000000002	0.0	0.0	1.2	0.8000000000000007	-8.199999999999989	4.199999999999989	-4.0	4.399999999999977	-0.8000000000000114	0.0	-10.0	10.600000000000023	-2.0	2.1999999999999886	11.399999999999977	2.799999999999997	-11.600000000000001	16.0	1.1999999999999886	-0.39999999999997726	15.400000000000006	6.0	-9.599999999999994	21.399999999999977	

-2.3999999999999773	29.0	-29.799999999999955	32.19999999999999	-1.0	1.2000000000000002	34.400000000000006	14.0	-1.8	29.599999999999994	19.200000000000003	-17.0	34.400000000000006	0.8000000000000114	-44.19999999999999	25.0	28.2	-24.600000000000023	15.200000000000003	3.8000000000000114	-63.400000000000006	15.6	31.599999999999994	-31.600000000000023	-2.8000000000000114	1.8000000000000114	-46.400000000000006	-1.1999999999999886	21.799999999999997	-49.599999999999994	
12.0	56.2	-36.200000000000045	56.19999999999999	13.199999999999989	3.0	58.400000000000006	26.80000000000001	0.4	42.8	26.0	4.0	70.0	24.600000000000023	-58.599999999999994	43.599999999999994	39.6	-11.0	42.6	30.0	-101.4	35.4	49.19999999999999	-27.399999999999977	12.0	25.80000000000001	-88.0	19.399999999999977	52.4	-76.0	
-2.0	25.200000000000003	-2.7999999999999545	17.19999999999999	13.0	-0.19999999999999996	13.800000000000011	18.0	-0.19999999999999996	7.200000000000003	11.0	5.199999999999989	20.599999999999994	24.0	-32.400000000000006	7.600000000000001	16.8	2.0	8.399999999999999	29.80000000000001	-50.80000000000001	6.0	22.200000000000003	-0.39999999999997726	-8.599999999999994	25.80000000000001	-42.6	-3.3999999999999773	31.6	-22.80000000000001	
19.399999999999977	12.799999999999997	-45.0	34.599999999999994	-19.399999999999977	-1.4	46.80000000000001	-10.0	-0.4	41.599999999999994	-0.4000000000000057	-18.399999999999977	49.400000000000006	-26.19999999999999	-35.0	41.2	7.199999999999999	-30.80000000000001	35.8	-26.0	-59.599999999999994	32.2	11.799999999999997	-46.0	17.0	-18.400000000000006	-53.8	19.399999999999977	0.20000000000000284	-66.0	
-0.8000000000000114	1.8000000000000007	18.600000000000023	-1.0	14.0	0.6000000000000001	0.19999999999998863	14.800000000000011	-0.2	-0.20000000000000284	8.400000000000006	-1.1999999999999886	-7.400000000000006	16.399999999999977	-11.600000000000023	-5.799999999999997	9.600000000000001	5.399999999999977	-11.0	16.19999999999999	-1.0	-5.2	6.200000000000003	9.0	-9.0	11.400000000000006	7.8	-4.0	12.400000000000006	20.80000000000001	

-31.19999999999999	33.599999999999994	-9.200000000000045	0.8000000000000114	8.199999999999989	-4.0	-2.4000000000000057	20.599999999999994	-1.0	-6.799999999999997	27.400000000000006	-11.0	-3.0	12.0	-27.599999999999994	-11.599999999999994	34.6	-15.600000000000023	-14.4	12.400000000000006	-43.2	-22.6	37.400000000000006	-17.399999999999977	-28.0	12.400000000000006	-31.400000000000006	-35.0	34.6	-30.599999999999994	
14.199999999999989	45.400000000000006	-2.6000000000000227	33.0	19.19999999999999	1.0	27.19999999999999	24.80000000000001	-0.6	15.599999999999994	18.200000000000003	14.199999999999989	46.80000000000001	33.0	-27.0	21.599999999999994	26.8	11.399999999999977	37.6	41.80000000000001	-61.8	19.4	37.0	3.6000000000000227	12.599999999999994	36.599999999999994	-63.400000000000006	15.800000000000011	57.8	-37.0	
28.80000000000001	26.400000000000006	7.800000000000011	33.19999999999999	12.199999999999989	5.2	31.400000000000006	16.599999999999994	2.6	23.400000000000006	9.200000000000003	18.80000000000001	49.0	27.399999999999977	-10.199999999999989	26.400000000000006	15.0	19.200000000000045	45.2	35.0	-35.8	31.6	22.400000000000006	12.799999999999955	30.19999999999999	33.599999999999994	-37.599999999999994	31.600000000000023	42.8	-18.400000000000006	
-10.600000000000023	29.200000000000003	-34.19999999999999	11.199999999999989	-4.199999999999989	3.2	18.599999999999994	7.800000000000011	-1.6	12.599999999999994	13.0	-12.800000000000011	21.599999999999994	-6.199999999999989	-32.80000000000001	11.799999999999997	18.4	-23.600000000000023	12.399999999999999	-6.0	-53.8	5.399999999999999	26.0	-34.39999999999998	-3.1999999999999886	-4.599999999999994	-46.400000000000006	-5.399999999999977	16.8	-54.400000000000006	
-7.800000000000011	-0.20000000000000284	39.39999999999998	0.8000000000000114	7.399999999999977	1.2	0.19999999999998863	8.599999999999994	0.0	-1.2000000000000028	5.0	2.1999999999999886	-7.200000000000003	13.800000000000011	-2.8000000000000114	-5.799999999999997	2.6	7.600000000000023	-11.200000000000003	15.0	11.200000000000003	-6.800000000000001	0.19999999999998863	18.0	-8.199999999999989	14.400000000000006	19.799999999999997	-5.0	2.8000000000000007	33.599999999999994	

25.19999999999999	62.39999999999998	-39.0	31.600000000000023	6.400000000000006	0.20000000000000018	38.19999999999999	18.0	-0.4	28.80000000000001	22.599999999999994	4.600000000000023	57.0	7.800000000000011	-16.0	38.400000000000006	32.8	-1.7999999999999545	60.0	8.400000000000006	-54.599999999999994	40.599999999999994	48.0	-20.799999999999955	43.8	6.599999999999994	-74.39999999999998	44.0	48.80000000000001	-73.8	
5.399999999999977	65.80000000000001	-8.199999999999989	6.599999999999994	17.400000000000006	4.0	-1.4000000000000057	26.400000000000006	1.4	-10.0	20.0	19.19999999999999	29.19999999999999	30.80000000000001	-5.400000000000006	1.0	32.2	15.799999999999955	46.400000000000006	40.8	-45.8	7.799999999999997	49.60000000000002	6.600000000000023	34.0	48.8	-78.60000000000002	22.19999999999999	78.19999999999999	-54.4	
14.800000000000011	34.39999999999998	13.600000000000023	7.599999999999994	15.800000000000011	0.0	3.4000000000000057	15.400000000000006	0.0	-3.5999999999999943	8.799999999999997	20.19999999999999	27.0	25.399999999999977	5.199999999999989	5.199999999999989	14.399999999999999	22.0	37.400000000000006	36.2	-16.200000000000003	9.599999999999994	24.599999999999994	20.399999999999977	34.599999999999994	38.599999999999994	-36.60000000000002	28.0	52.599999999999994	-16.0	
34.400000000000006	36.19999999999999	-41.60000000000002	20.599999999999994	-10.600000000000023	-1.5999999999999996	27.80000000000001	-4.800000000000011	3.0	22.400000000000006	0.5999999999999943	4.199999999999989	44.19999999999999	-15.800000000000011	0.19999999999998863	34.0	5.600000000000001	-6.2000000000000455	57.0	-18.0	-27.599999999999994	42.8	19.0	-22.200000000000045	52.400000000000006	-13.599999999999994	-56.80000000000001	56.80000000000001	16.400000000000006	-70.8	
5.399999999999977	31.0	47.39999999999998	22.599999999999994	21.599999999999994	-0.7999999999999998	19.599999999999994	27.400000000000006	-0.4	8.799999999999997	18.0	12.600000000000023	31.80000000000001	37.19999999999999	-22.80000000000001	5.800000000000011	27.200000000000003	17.600000000000023	20.80000000000001	50.599999999999994	-41.400000000000006	3.6000000000000014	33.39999999999998	23.600000000000023	6.0	50.80000000000001	-34.19999999999999	1.6000000000000227	61.0	4.199999999999999	

38.80000000000001	52.39999999999998	-28.600000000000023	15.0	2.0	4.8	20.0	14.200000000000003	2.2	14.400000000000006	18.599999999999994	7.399999999999977	28.600000000000023	2.6000000000000227	3.6000000000000227	24.80000000000001	24.599999999999994	3.6000000000000227	42.39999999999998	-7.400000000000006	-14.0	37.400000000000006	33.0	-8.600000000000023	50.19999999999999	-9.200000000000003	-32.60000000000002	57.8	26.399999999999977	-50.0	
19.80000000000001	31.200000000000045	11.199999999999989	8.0	6.800000000000011	-0.5999999999999996	0.39999999999997726	6.199999999999989	-0.8	-1.8000000000000114	3.4000000000000057	15.800000000000011	22.600000000000023	14.600000000000023	16.0	4.400000000000006	5.199999999999989	20.200000000000045	47.19999999999999	23.0	3.1999999999999886	15.599999999999994	14.199999999999989	19.799999999999955	65.6	34.2	-34.39999999999998	51.8	49.39999999999998	-7.800000000000011	
3.3999999999999773	4.0	34.60000000000002	-8.199999999999989	8.800000000000011	1.7999999999999998	-14.199999999999989	8.0	-0.6	-13.800000000000011	0.20000000000000284	12.0	-4.600000000000023	20.599999999999994	16.399999999999977	-15.199999999999989	1.4000000000000057	21.399999999999977	7.199999999999989	32.4	22.80000000000001	-9.0	-0.19999999999998863	30.600000000000023	21.799999999999997	39.2	6.600000000000023	9.799999999999997	28.0	36.80000000000001	
68.6	52.60000000000002	-87.19999999999999	17.19999999999999	-20.0	1.2000000000000002	33.19999999999999	-23.19999999999999	1.2	35.0	-10.799999999999997	-2.3999999999999773	45.19999999999999	-45.60000000000002	14.199999999999989	52.60000000000002	-4.400000000000006	-12.200000000000045	76.80000000000001	-68.0	-5.800000000000011	74.19999999999999	14.800000000000011	-42.799999999999955	101.6	-75.6	-53.0	118.0	-11.600000000000023	-118.0	
19.80000000000001	7.7999999999999545	61.19999999999999	7.600000000000023	20.400000000000006	-4.2	0.0	20.80000000000001	-0.19999999999999996	-5.800000000000011	8.599999999999994	21.399999999999977	17.0	40.0	10.0	-5.599999999999994	11.599999999999994	33.39999999999998	24.399999999999977	58.599999999999994	9.800000000000011	0.8000000000000114	9.399999999999977	47.200000000000045	32.8	68.2	3.7999999999999545	21.4	50.80000000000001	58.80000000000001	

-25.600000000000023	9.0	-0.6000000000000227	-11.200000000000003	-2.0	7.2	-15.599999999999994	-3.1999999999999886	0.6	-18.599999999999994	3.5999999999999943	-6.599999999999994	-14.199999999999989	0.6000000000000227	6.399999999999977	-18.80000000000001	5.0	-5.0	-12.800000000000011	5.0	6.0	-21.400000000000006	7.200000000000003	-3.0	-15.599999999999994	5.0	0.0	-19.19999999999999	5.0	0.7999999999999545	
-8.800000000000011	2.1999999999999886	-6.0	-0.5999999999999943	-1.0	-0.7999999999999998	-0.7999999999999972	3.8000000000000114	-0.4	0.0	4.599999999999994	-10.0	-6.0	-2.8000000000000114	-20.600000000000023	-4.400000000000006	5.0	-10.199999999999989	-9.400000000000006	-2.3999999999999773	-16.19999999999999	-6.199999999999989	2.799999999999997	-7.7999999999999545	-11.199999999999989	-3.1999999999999886	-14.399999999999977	-9.399999999999977	0.6000000000000227	-8.799999999999955	
-10.199999999999989	4.0	-7.7999999999999545	5.599999999999994	0.6000000000000227	-3.6	6.799999999999997	2.6000000000000227	2.6	3.5999999999999943	3.1999999999999886	-5.199999999999989	-0.5999999999999943	-0.6000000000000227	-15.199999999999989	-2.0	5.0	-11.0	-7.0	0.19999999999998863	-17.399999999999977	-7.400000000000006	6.0	-11.0	-7.0	1.1999999999999886	-11.199999999999989	-11.600000000000023	2.8000000000000114	-13.600000000000023	
-10.0	-0.4000000000000057	-10.799999999999955	-3.4000000000000057	-8.399999999999977	-1.0	-2.0	3.0	0.6	-1.4000000000000057	9.800000000000011	-28.400000000000006	-12.400000000000006	-10.0	-31.600000000000023	-8.599999999999994	7.0	-22.80000000000001	-11.600000000000023	-8.199999999999989	-22.19999999999999	-11.400000000000006	3.4000000000000057	-13.799999999999955	-13.0	-8.600000000000023	-11.399999999999977	-12.399999999999977	-1.6000000000000227	-11.799999999999955	
24.80000000000001	-6.199999999999989	5.7999999999999545	19.599999999999994	4.399999999999977	0.7999999999999998	25.799999999999997	-4.600000000000023	0.8	22.799999999999997	-11.599999999999994	20.0	29.80000000000001	3.2000000000000455	19.0	26.599999999999994	-9.400000000000006	15.199999999999989	28.80000000000001	2.3999999999999773	10.399999999999977	28.599999999999994	-9.0	9.799999999999955	27.80000000000001	0.6000000000000227	6.199999999999989	29.600000000000023	-3.6000000000000227	5.399999999999977	

-21.399999999999977	4.599999999999994	8.200000000000045	-25.0	1.6000000000000227	-1.2000000000000002	-31.200000000000003	6.199999999999989	2.6	-26.400000000000006	9.800000000000011	-9.400000000000006	-28.19999999999999	1.8000000000000114	4.0	-26.400000000000006	8.0	-2.8000000000000114	-20.19999999999999	4.199999999999989	12.399999999999977	-22.599999999999994	4.799999999999997	3.6000000000000227	-14.199999999999989	5.199999999999989	10.0	-17.80000000000001	5.600000000000023	8.799999999999955	
-29.80000000000001	10.800000000000011	-2.2000000000000455	-12.400000000000006	6.600000000000023	-4.4	-15.0	14.199999999999989	-2.8	-15.599999999999994	14.400000000000006	-7.400000000000006	-22.19999999999999	9.199999999999989	-19.0	-18.0	14.0	-7.199999999999989	-23.80000000000001	6.800000000000011	-11.199999999999989	-21.0	11.399999999999999	-4.0	-21.0	6.600000000000023	-4.0	-22.399999999999977	7.199999999999989	-5.0	
-9.199999999999989	6.400000000000006	-5.399999999999977	-2.4000000000000057	7.0	2.0	-0.5999999999999943	10.199999999999989	1.6	-4.400000000000006	6.0	1.0	-4.599999999999994	7.199999999999989	-13.199999999999989	-5.400000000000006	8.400000000000006	-2.8000000000000114	-9.400000000000006	7.0	-15.0	-7.599999999999994	8.799999999999997	-7.0	-10.600000000000023	5.600000000000023	-10.0	-12.199999999999989	6.800000000000011	-7.399999999999977	
-15.600000000000023	-7.599999999999994	-15.0	-4.799999999999997	-22.600000000000023	-2.8	-5.0	-12.0	0.8	-5.200000000000003	1.0	-36.599999999999994	-14.800000000000011	-23.0	-28.80000000000001	-12.0	-0.20000000000000284	-31.600000000000023	-13.0	-18.19999999999999	-18.600000000000023	-14.0	-5.0	-21.600000000000023	-10.399999999999977	-13.399999999999977	-11.600000000000023	-13.0	-11.600000000000023	-13.799999999999955	
7.399999999999977	-8.199999999999989	6.600000000000023	-3.799999999999997	-0.8000000000000114	-2.8	-3.5999999999999943	-5.600000000000023	-1.2	-1.4000000000000057	-10.599999999999994	7.400000000000006	2.4000000000000057	-0.8000000000000114	12.600000000000023	1.4000000000000057	-10.599999999999994	10.600000000000023	6.599999999999994	0.39999999999997726	10.800000000000011	7.599999999999994	-9.799999999999997	9.600000000000023	8.800000000000011	1.0	6.399999999999977	9.600000000000023	-6.600000000000023	8.200000000000045	

-31.0	-9.199999999999989	0.0	-24.799999999999997	-15.199999999999989	-3.2	-30.8	-15.800000000000011	-1.2	-28.6	-6.599999999999994	-17.19999999999999	-29.80000000000001	-19.600000000000023	6.399999999999977	-29.599999999999994	-8.799999999999997	-12.399999999999977	-23.0	-15.0	10.399999999999977	-30.0	-7.0	-5.2000000000000455	-15.400000000000006	-8.199999999999989	10.800000000000011	-25.80000000000001	-10.800000000000011	4.600000000000023	
-4.0	3.4000000000000057	4.2000000000000455	-1.0	7.800000000000011	0.7999999999999998	2.1999999999999993	12.800000000000011	0.6	1.6000000000000014	12.800000000000011	-6.0	-6.400000000000006	6.800000000000011	-28.600000000000023	-0.4000000000000057	10.599999999999994	-3.0	-10.400000000000006	4.800000000000011	-19.399999999999977	-3.0	8.200000000000003	-0.6000000000000227	-7.199999999999989	2.8000000000000114	-8.199999999999989	-5.600000000000023	5.199999999999989	-3.0	
1.1999999999999886	0.20000000000000284	-5.399999999999977	15.600000000000001	5.199999999999989	1.7999999999999998	18.0	3.8000000000000114	-1.0	14.0	-4.199999999999989	9.0	14.800000000000011	5.399999999999977	-8.399999999999977	12.200000000000003	-1.2000000000000028	4.600000000000023	6.599999999999994	2.6000000000000227	-15.399999999999977	9.599999999999994	1.2000000000000028	-4.0	2.8000000000000114	-1.6000000000000227	-13.199999999999989	5.199999999999989	1.8000000000000114	-10.800000000000011	
-21.600000000000023	-1.8000000000000114	-11.600000000000023	-12.0	-8.0	1.4000000000000004	-16.4	-0.6000000000000227	1.4	-13.799999999999997	9.800000000000011	-34.0	-26.0	-13.600000000000023	-35.39999999999998	-23.200000000000003	8.200000000000003	-28.19999999999999	-26.80000000000001	-12.0	-20.19999999999999	-23.799999999999997	2.6000000000000014	-17.600000000000023	-20.19999999999999	-11.199999999999989	-6.800000000000011	-25.600000000000023	-4.399999999999977	-11.600000000000023	
-9.399999999999977	1.1999999999999886	14.600000000000023	-26.6	8.0	0.20000000000000018	-28.8	6.199999999999989	2.4	-26.4	3.1999999999999886	5.399999999999977	-23.80000000000001	8.600000000000023	17.600000000000023	-23.400000000000006	2.0	11.199999999999989	-14.199999999999989	8.800000000000011	21.0	-16.799999999999997	1.0	11.799999999999955	-8.599999999999994	8.800000000000011	15.0	-10.600000000000023	3.3999999999999773	15.600000000000023	

-29.0	-5.599999999999994	-1.2000000000000455	-24.2	-19.0	-1.4	-27.4	-11.199999999999989	-0.2	-23.8	-0.5999999999999943	-29.19999999999999	-34.19999999999999	-20.19999999999999	-10.199999999999989	-31.599999999999994	-4.0	-25.80000000000001	-31.80000000000001	-17.600000000000023	1.1999999999999886	-34.2	-6.600000000000001	-12.399999999999977	-21.80000000000001	-12.399999999999977	11.800000000000011	-31.600000000000023	-10.399999999999977	1.6000000000000227	
-28.0	13.200000000000003	4.0	-17.0	8.800000000000011	-4.0	-20.8	22.19999999999999	-1.2	-19.200000000000003	23.400000000000006	-14.399999999999977	-30.599999999999994	12.800000000000011	-40.0	-25.400000000000006	22.599999999999994	-11.600000000000023	-35.400000000000006	9.399999999999977	-27.80000000000001	-27.80000000000001	18.2	-3.3999999999999773	-33.19999999999999	4.0	-9.400000000000006	-34.39999999999998	13.199999999999989	-3.8000000000000114	
-19.80000000000001	11.599999999999994	2.0	-5.6	14.600000000000023	-0.20000000000000018	-13.4	20.19999999999999	0.2	-14.0	17.19999999999999	3.6000000000000227	-15.400000000000006	16.600000000000023	-18.399999999999977	-14.599999999999994	18.400000000000006	1.6000000000000227	-21.80000000000001	16.0	-19.0	-17.799999999999997	16.4	0.39999999999997726	-22.600000000000023	10.800000000000011	-9.800000000000011	-22.19999999999999	15.199999999999989	-7.0	
-12.0	-2.799999999999997	-7.0	0.5999999999999996	-11.399999999999977	-3.4	0.7999999999999998	-6.399999999999977	-0.8	1.6000000000000014	-0.5999999999999943	-22.0	-4.800000000000011	-15.199999999999989	-16.19999999999999	-4.799999999999997	0.7999999999999972	-22.0	-9.0	-11.199999999999989	-13.399999999999977	-8.800000000000011	0.0	-16.399999999999977	-5.399999999999977	-7.199999999999989	-4.199999999999989	-10.0	-7.600000000000023	-7.199999999999989	
15.600000000000023	-5.599999999999994	12.399999999999977	4.4	2.8000000000000114	-0.6000000000000001	5.6	2.3999999999999773	0.8	5.600000000000001	-2.8000000000000114	10.399999999999977	6.599999999999994	7.199999999999989	8.399999999999977	9.599999999999994	-4.400000000000006	13.199999999999989	11.199999999999989	6.0	11.800000000000011	14.599999999999994	-4.600000000000001	16.200000000000045	13.599999999999994	2.1999999999999886	13.599999999999994	18.19999999999999	0.39999999999997726	12.399999999999977	

-32.39999999999998	19.200000000000003	9.0	-16.4	11.600000000000023	-3.4	-19.799999999999997	23.80000000000001	0.6	-17.8	28.19999999999999	-21.19999999999999	-30.200000000000003	14.600000000000023	-17.399999999999977	-27.4	27.799999999999997	-14.0	-34.400000000000006	13.600000000000023	-1.8000000000000114	-31.0	24.6	-3.2000000000000455	-24.399999999999977	12.600000000000023	6.400000000000006	-33.0	17.80000000000001	10.399999999999977	
-61.60000000000002	11.0	4.0	-19.0	-5.199999999999989	0.3999999999999999	-22.4	15.0	2.0	-23.8	26.400000000000006	-44.400000000000006	-45.2	-4.199999999999989	-63.0	-42.8	24.400000000000006	-38.80000000000001	-58.599999999999994	-1.3999999999999773	-42.60000000000002	-55.19999999999999	20.0	-17.200000000000045	-58.39999999999998	-1.6000000000000227	-8.199999999999989	-63.80000000000001	7.199999999999989	-4.800000000000011	
-30.0	11.200000000000003	-6.600000000000023	-19.4	5.399999999999977	-3.8	-25.0	11.0	0.0	-28.6	8.400000000000006	1.8000000000000114	-26.0	8.199999999999989	-11.199999999999989	-25.8	10.599999999999994	-3.6000000000000227	-27.400000000000006	7.399999999999977	-14.399999999999977	-28.400000000000006	12.8	-2.6000000000000227	-29.80000000000001	6.800000000000011	-9.599999999999994	-34.19999999999999	11.400000000000006	-8.199999999999989	
-32.0	10.200000000000003	-18.200000000000045	-4.200000000000003	-10.800000000000011	-3.2	0.0	6.800000000000011	0.2	-3.3999999999999986	17.0	-40.0	-16.6	-10.399999999999977	-54.19999999999999	-17.0	18.599999999999994	-41.19999999999999	-30.19999999999999	-10.0	-45.39999999999998	-27.200000000000003	16.0	-31.0	-30.600000000000023	-8.399999999999977	-24.0	-36.60000000000002	0.5999999999999943	-28.19999999999999	
-7.600000000000023	7.0	28.0	-9.799999999999997	12.199999999999989	-2.0	-17.400000000000006	21.600000000000023	1.2	-16.2	20.0	-1.3999999999999773	-23.599999999999994	20.600000000000023	-8.199999999999989	-18.8	18.200000000000003	9.800000000000011	-18.80000000000001	21.0	5.399999999999977	-16.599999999999994	14.600000000000001	19.200000000000045	-7.600000000000023	14.800000000000011	14.400000000000006	-10.800000000000011	19.0	24.19999999999999	

-57.19999999999999	14.200000000000003	-8.0	-20.599999999999994	-4.399999999999977	-0.3999999999999999	-23.19999999999999	7.0	1.0	-24.400000000000006	16.0	-29.600000000000023	-38.8	-6.399999999999977	-35.19999999999999	-37.400000000000006	18.400000000000006	-35.0	-48.400000000000006	-7.199999999999989	-28.400000000000006	-50.2	17.4	-25.600000000000023	-49.0	-2.8000000000000114	-7.0	-62.19999999999999	5.0	-11.599999999999994	
-19.399999999999977	30.2	-59.0	34.0	-15.600000000000023	0.20000000000000018	40.19999999999999	3.6000000000000227	-1.0	32.599999999999994	17.0	-29.399999999999977	32.599999999999994	-16.200000000000045	-67.19999999999999	25.799999999999997	25.799999999999997	-45.80000000000001	8.799999999999997	-16.80000000000001	-92.2	9.2	30.200000000000003	-59.39999999999998	-17.399999999999977	-14.0	-66.6	-16.80000000000001	11.0	-80.19999999999999	
-14.600000000000023	16.2	-10.199999999999989	10.0	2.1999999999999886	5.0	10.199999999999989	10.399999999999977	-1.2	5.599999999999994	9.599999999999994	-3.3999999999999773	10.0	4.600000000000023	-27.599999999999994	4.400000000000006	13.599999999999994	-7.0	-1.4000000000000057	2.6000000000000227	-35.80000000000001	-1.0	16.8	-11.200000000000045	-8.199999999999989	5.399999999999977	-25.8	-13.399999999999977	16.400000000000006	-23.0	
-26.80000000000001	9.399999999999999	-18.399999999999977	2.0	-11.399999999999977	-1.4	4.400000000000006	-4.199999999999989	0.4	1.4000000000000057	5.0	-22.0	-4.0	-12.799999999999955	-28.19999999999999	-4.799999999999997	7.599999999999994	-32.80000000000001	-15.200000000000003	-13.600000000000023	-31.19999999999999	-17.0	9.4	-29.600000000000023	-21.599999999999994	-9.800000000000011	-16.8	-26.0	-1.6000000000000227	-28.0	
-2.3999999999999773	1.6000000000000014	22.0	0.7999999999999972	3.0	-8.0	0.5999999999999943	8.0	1.2	-1.7999999999999972	5.800000000000011	-3.8000000000000114	-3.3999999999999986	6.7999999999999545	-10.199999999999989	-5.799999999999997	5.799999999999997	2.6000000000000227	-7.200000000000003	10.0	-2.0	-4.0	3.4000000000000004	10.0	-1.1999999999999886	6.399999999999977	6.600000000000001	-4.399999999999977	7.599999999999994	15.599999999999994	

-79.80000000000001	56.400000000000006	-52.0	1.5999999999999943	0.6000000000000227	2.0	2.6000000000000227	23.19999999999999	0.8	-4.0	40.0	-41.19999999999999	-12.400000000000006	-6.0	-70.80000000000001	-16.19999999999999	52.8	-60.0	-41.0	-8.0	-89.0	-43.4	57.599999999999994	-68.79999999999995	-65.19999999999999	-1.1999999999999886	-56.19999999999999	-78.19999999999999	28.599999999999994	-77.4	
-20.80000000000001	54.2	-72.80000000000001	32.0	-14.399999999999977	-4.4	43.80000000000001	5.199999999999989	-1.2	31.599999999999994	20.0	-27.600000000000023	40.599999999999994	-18.399999999999977	-70.19999999999999	30.0	35.2	-49.39999999999998	19.0	-21.0	-108.2	12.0	47.0	-69.0	-15.0	-20.399999999999977	-86.6	-21.399999999999977	22.0	-111.6	
-24.399999999999977	47.2	-15.599999999999994	12.599999999999994	10.199999999999989	2.5999999999999996	9.800000000000011	25.0	0.8	-0.8000000000000114	27.80000000000001	-10.0	14.400000000000006	13.600000000000023	-50.599999999999994	-2.1999999999999886	39.0	-16.19999999999999	-1.2000000000000002	12.600000000000023	-77.4	-9.799999999999997	47.2	-22.600000000000023	-25.599999999999994	13.800000000000011	-60.80000000000001	-28.600000000000023	42.400000000000006	-55.2	
5.0	-3.799999999999997	-64.19999999999999	12.0	-23.0	-2.0	25.19999999999999	-22.399999999999977	1.0	28.80000000000001	-14.599999999999994	-18.80000000000001	24.0	-36.0	-11.400000000000006	33.19999999999999	-12.599999999999994	-37.19999999999999	20.8	-43.0	-27.200000000000003	24.0	-6.399999999999999	-55.0	9.400000000000006	-42.0	-31.599999999999994	8.399999999999977	-32.599999999999994	-66.4	
-19.80000000000001	4.200000000000003	37.60000000000002	14.800000000000011	-5.800000000000011	0.5999999999999996	12.199999999999989	6.0	-1.2	5.0	8.599999999999994	-17.399999999999977	1.2000000000000028	2.6000000000000227	-41.400000000000006	-9.799999999999997	10.799999999999997	-12.0	-16.6	10.600000000000023	-32.2	-23.6	11.799999999999997	8.200000000000045	-26.600000000000023	16.19999999999999	-1.4000000000000057	-32.80000000000001	15.400000000000006	20.6	

50.599999999999994	60.19999999999999	-153.4	42.80000000000001	-18.19999999999999	1.2000000000000002	65.60000000000002	-5.0	0.8	61.80000000000001	15.599999999999994	-14.399999999999977	73.80000000000001	-39.60000000000002	-35.400000000000006	81.60000000000002	28.2	-45.599999999999994	69.80000000000001	-57.60000000000002	-88.0	85.60000000000002	45.0	-99.19999999999999	35.599999999999994	-64.79999999999995	-100.19999999999999	56.19999999999999	-16.19999999999999	-174.20000000000005	
58.80000000000001	93.60000000000002	-106.0	40.0	6.600000000000023	4.6	50.39999999999998	18.80000000000001	1.6	39.60000000000002	25.80000000000001	9.600000000000023	77.80000000000001	-1.6000000000000227	-27.19999999999999	64.60000000000002	42.2	-6.399999999999977	86.6	-15.399999999999977	-89.19999999999999	81.0	67.19999999999999	-47.39999999999998	60.8	-27.600000000000023	-120.80000000000001	79.0	40.400000000000006	-158.79999999999995	
9.600000000000023	61.60000000000002	-23.0	12.800000000000011	6.600000000000023	-1.7999999999999998	11.800000000000011	21.19999999999999	0.6	0.0	20.80000000000001	6.600000000000023	30.80000000000001	13.399999999999977	-29.0	7.800000000000011	35.4	2.6000000000000227	31.19999999999999	11.0	-63.400000000000006	14.400000000000006	49.0	-10.600000000000023	14.0	5.600000000000023	-76.0	18.400000000000006	50.19999999999999	-71.0	
65.4	-10.599999999999994	-39.19999999999999	37.19999999999999	-17.600000000000023	-1.2	49.39999999999998	-20.600000000000023	0.4	51.60000000000002	-16.80000000000001	1.6000000000000227	55.60000000000002	-25.799999999999955	8.599999999999994	58.60000000000002	-17.799999999999997	-1.0	58.19999999999999	-28.200000000000045	0.0	68.19999999999999	-16.599999999999994	-14.600000000000023	59.400000000000006	-30.799999999999955	-10.600000000000023	75.4	-31.80000000000001	-27.600000000000023	
-5.0	98.0	1.2000000000000028	43.19999999999999	9.199999999999989	-3.4	35.80000000000001	34.39999999999998	-0.6	12.600000000000023	37.0	-1.8000000000000114	59.60000000000002	17.0	-80.6	13.800000000000011	63.0	-6.400000000000006	42.19999999999999	22.200000000000045	-138.4	5.0	86.6	-7.399999999999977	4.599999999999994	24.200000000000045	-128.8	-0.6000000000000227	99.6	-99.39999999999998	

72.80000000000001	55.60000000000002	-105.19999999999999	23.80000000000001	-7.600000000000023	-0.20000000000000018	32.80000000000001	-1.3999999999999773	-0.4	31.0	7.0	6.199999999999989	49.80000000000001	-18.399999999999977	1.1999999999999886	54.80000000000001	15.600000000000001	-6.400000000000006	67.80000000000001	-34.799999999999955	-32.60000000000002	79.0	30.600000000000023	-45.19999999999999	62.400000000000006	-50.799999999999955	-61.799999999999955	92.80000000000001	-11.599999999999994	-126.0	
116.80000000000001	91.80000000000001	-112.0	28.399999999999977	-1.6000000000000227	-2.5999999999999996	36.0	5.600000000000023	0.0	29.0	10.0	19.0	74.0	-10.399999999999977	-3.8000000000000114	63.0	23.799999999999997	11.599999999999994	106.39999999999998	-28.799999999999955	-56.39999999999998	102.39999999999998	48.60000000000002	-27.599999999999994	100.0	-49.200000000000045	-115.60000000000002	142.0	20.80000000000001	-161.79999999999995	
64.80000000000001	68.0	-36.60000000000002	12.0	4.199999999999989	-0.7999999999999998	13.399999999999977	16.80000000000001	0.4	6.399999999999977	16.19999999999999	17.600000000000023	43.0	9.399999999999977	-3.8000000000000114	24.600000000000023	27.4	18.599999999999994	64.80000000000001	3.0	-38.60000000000002	51.60000000000002	46.0	1.4000000000000057	62.0	-8.200000000000045	-75.39999999999998	87.6	42.0	-87.60000000000002	
96.4	21.600000000000023	-88.60000000000002	27.0	-13.0	-2.4000000000000004	41.0	-12.0	-1.4	39.80000000000001	-6.0	9.399999999999977	53.39999999999998	-21.799999999999955	11.0	62.80000000000001	-3.8000000000000007	-0.5999999999999943	71.60000000000002	-36.39999999999998	-8.600000000000023	90.80000000000001	4.199999999999989	-30.0	72.4	-50.60000000000002	-34.200000000000045	111.2	-32.400000000000006	-80.39999999999998	
45.39999999999998	123.80000000000001	-51.80000000000001	69.39999999999998	-1.8000000000000114	2.5999999999999996	82.0	24.399999999999977	-2.6	60.60000000000002	36.400000000000006	-1.0	108.80000000000001	-5.2000000000000455	-61.8	73.0	64.0	-1.4000000000000057	103.80000000000001	-13.799999999999955	-134.2	74.60000000000002	98.39999999999998	-44.400000000000006	58.599999999999994	-18.799999999999955	-141.39999999999998	70.4	81.4	-161.79999999999995	

