4 9
14.600000000000023	16.0	26.600000000000023	8.799999999999955	6.399999999999999	-1.4	8.399999999999977	12.0	-0.4	3.0	6.199999999999989	22.19999999999999	17.600000000000023	16.4	3.8000000000000114	5.600000000000023	7.600000000000023	27.19999999999999	17.200000000000045	18.799999999999997	-1.1999999999999886	10.799999999999955	14.0	28.599999999999994	18.19999999999999	23.4	-6.7999999999999545	15.199999999999989	23.80000000000001	15.199999999999989	
30.80000000000001	18.19999999999999	9.399999999999977	15.200000000000045	11.2	-0.8	10.0	8.599999999999994	1.4	1.0	0.0	22.0	27.399999999999977	21.0	-6.0	10.799999999999955	4.800000000000011	25.80000000000001	33.0	23.799999999999997	-21.399999999999977	21.600000000000023	12.0	23.0	39.60000000000002	27.6	-40.0	34.0	28.19999999999999	-10.0	
18.600000000000023	19.600000000000023	-15.399999999999977	8.200000000000045	4.199999999999999	-3.8	8.799999999999955	8.800000000000011	-0.6	5.600000000000023	6.400000000000006	0.6000000000000227	16.200000000000045	8.2	-15.600000000000023	10.0	10.0	-1.8000000000000114	18.799999999999955	11.599999999999994	-28.80000000000001	14.0	13.199999999999989	-8.799999999999997	16.600000000000023	11.799999999999997	-38.799999999999955	15.199999999999989	19.19999999999999	-26.80000000000001	
82.0	51.60000000000002	-41.60000000000002	48.60000000000002	10.8	-1.0	52.0	17.599999999999994	-1.2	40.0	11.199999999999989	29.0	83.60000000000002	21.2	-14.199999999999989	60.60000000000002	23.0	18.400000000000006	92.60000000000002	24.200000000000003	-59.39999999999998	76.39999999999998	36.0	-6.599999999999994	100.0	27.4	-104.0	92.19999999999999	49.19999999999999	-74.39999999999998	
7.399999999999977	7.0	1.6000000000000227	1.6000000000000227	3.4000000000000004	3.0	-1.6000000000000227	2.0	-3.0	-0.6000000000000227	0.0	15.600000000000023	7.399999999999977	4.4	18.80000000000001	3.6000000000000227	1.8000000000000114	15.400000000000006	10.600000000000023	5.599999999999994	13.800000000000011	7.600000000000023	3.6000000000000227	11.200000000000003	11.0	3.799999999999997	1.6000000000000227	11.399999999999977	6.199999999999989	0.8000000000000114	

32.0	28.80000000000001	-0.8000000000000114	28.799999999999955	15.200000000000003	3.6	33.60000000000002	20.400000000000006	-0.4	25.200000000000045	16.400000000000006	29.80000000000001	43.60000000000002	21.4	-2.0	32.0	23.0	25.0	39.19999999999999	21.599999999999994	-22.799999999999955	37.200000000000045	26.600000000000023	11.399999999999999	36.19999999999999	22.200000000000003	-34.0	35.0	32.39999999999998	-17.399999999999977	
26.399999999999977	18.0	23.19999999999999	15.399999999999977	16.200000000000003	-0.7999999999999998	12.399999999999977	19.0	1.0	3.6000000000000227	3.8000000000000114	36.19999999999999	28.799999999999955	29.0	-2.8000000000000114	13.600000000000023	9.0	39.19999999999999	29.19999999999999	32.0	-18.19999999999999	23.600000000000023	15.399999999999977	34.0	29.0	32.400000000000006	-32.200000000000045	31.19999999999999	33.60000000000002	-1.1999999999999886	
2.6000000000000227	23.399999999999977	-26.80000000000001	16.80000000000001	6.600000000000001	1.6	21.0	12.800000000000011	0.8	13.399999999999977	12.0	-3.0	23.0	7.799999999999997	-34.80000000000001	14.799999999999955	20.0	-11.199999999999989	15.800000000000011	9.0	-53.39999999999998	11.399999999999977	22.19999999999999	-20.0	2.3999999999999773	10.799999999999997	-59.200000000000045	3.8000000000000114	22.19999999999999	-43.39999999999998	
-9.399999999999977	78.80000000000001	-39.39999999999998	39.200000000000045	29.6	5.4	39.0	57.599999999999994	1.4	21.600000000000023	54.0	-12.199999999999989	43.200000000000045	51.0	-100.60000000000002	17.399999999999977	71.60000000000002	-20.80000000000001	14.600000000000023	52.0	-136.39999999999998	6.399999999999977	79.60000000000002	-32.8	-20.600000000000023	55.400000000000006	-132.39999999999998	-15.399999999999977	82.39999999999998	-85.39999999999998	
32.0	18.0	5.399999999999977	13.600000000000023	12.200000000000003	0.7999999999999998	15.200000000000045	7.400000000000006	-3.0	13.200000000000045	4.400000000000006	34.19999999999999	30.399999999999977	15.799999999999997	25.600000000000023	22.0	6.800000000000011	29.0	35.0	15.199999999999989	9.600000000000023	30.0	14.600000000000023	19.400000000000006	36.60000000000002	15.799999999999997	-8.799999999999955	33.19999999999999	18.80000000000001	-3.0	

48.80000000000001	35.39999999999998	3.8000000000000114	49.19999999999999	22.799999999999997	-1.4000000000000004	55.0	25.80000000000001	-0.19999999999999996	45.200000000000045	15.199999999999989	53.80000000000001	69.0	30.599999999999994	3.1999999999999886	55.60000000000002	21.80000000000001	40.0	60.19999999999999	28.19999999999999	-26.0	57.200000000000045	32.39999999999998	22.200000000000003	47.80000000000001	30.400000000000006	-42.39999999999998	49.39999999999998	39.60000000000002	-20.19999999999999	
43.60000000000002	24.399999999999977	-24.599999999999994	52.80000000000001	13.799999999999997	-2.4	55.0	15.599999999999994	0.6000000000000001	43.0	3.8000000000000114	34.80000000000001	69.60000000000002	20.0	-21.600000000000023	52.799999999999955	14.199999999999989	20.80000000000001	54.80000000000001	19.80000000000001	-58.39999999999998	52.799999999999955	22.399999999999977	-5.400000000000006	39.60000000000002	21.0	-75.60000000000002	40.60000000000002	30.19999999999999	-51.0	
-26.80000000000001	4.800000000000011	3.0	-17.600000000000023	3.6000000000000014	0.7999999999999998	-20.600000000000023	13.800000000000011	0.0	-20.0	15.0	-21.600000000000023	-26.80000000000001	11.200000000000003	-38.60000000000002	-26.799999999999955	14.600000000000023	-17.600000000000023	-33.80000000000001	10.0	-28.0	-30.0	12.399999999999977	-9.200000000000003	-38.80000000000001	11.200000000000003	-16.0	-34.19999999999999	11.600000000000023	-4.800000000000011	
-66.19999999999999	17.19999999999999	20.19999999999999	-34.19999999999999	24.200000000000003	2.0	-51.799999999999955	43.599999999999994	-1.8	-52.0	37.0	-32.80000000000001	-67.19999999999999	37.8	-70.0	-65.39999999999998	35.19999999999999	-22.0	-76.0	37.80000000000001	-46.0	-68.0	29.600000000000023	2.200000000000003	-86.19999999999999	34.80000000000001	-16.799999999999955	-77.80000000000001	30.19999999999999	7.600000000000023	
34.80000000000001	20.399999999999977	-0.8000000000000114	27.600000000000023	12.200000000000003	3.6	31.799999999999955	7.0	0.8	26.0	2.1999999999999886	41.0	45.200000000000045	15.200000000000003	25.600000000000023	39.799999999999955	6.600000000000023	34.39999999999998	45.60000000000002	14.199999999999989	3.1999999999999886	39.0	14.0	15.400000000000006	42.0	15.0	-15.200000000000045	38.0	19.80000000000001	-9.0	

-9.599999999999994	11.600000000000023	15.200000000000003	-3.3999999999999773	17.0	1.4	-7.2000000000000455	21.599999999999994	0.2	-10.600000000000023	15.600000000000023	7.800000000000011	-11.0	17.799999999999997	-16.19999999999999	-11.0	15.199999999999989	8.400000000000006	-15.600000000000023	17.19999999999999	-13.199999999999989	-9.800000000000011	13.800000000000011	11.400000000000006	-20.19999999999999	16.80000000000001	-3.0	-13.800000000000011	16.399999999999977	8.0	
-9.400000000000006	27.399999999999977	0.7999999999999972	10.199999999999989	32.599999999999994	-7.4	6.600000000000023	46.39999999999998	0.4	-0.6000000000000227	39.0	0.8000000000000114	-5.800000000000011	39.400000000000006	-65.0	-4.399999999999977	41.80000000000001	-0.4000000000000057	-22.0	36.0	-63.60000000000002	-10.399999999999977	38.19999999999999	-1.8000000000000114	-34.39999999999998	33.0	-45.60000000000002	-23.19999999999999	38.39999999999998	-19.0	
-4.399999999999977	6.399999999999977	-8.200000000000003	0.8000000000000114	7.599999999999994	1.2000000000000002	-2.0	11.599999999999994	-0.8	-3.1999999999999886	8.800000000000011	-4.199999999999989	-2.1999999999999886	11.200000000000003	-24.399999999999977	-3.8000000000000114	9.600000000000023	-7.800000000000011	-6.800000000000011	10.599999999999994	-28.0	-5.0	7.199999999999989	-8.599999999999994	-11.399999999999977	8.400000000000006	-22.799999999999955	-9.400000000000006	9.0	-16.80000000000001	
-17.80000000000001	1.0	-13.799999999999997	-12.800000000000011	15.0	1.4	-14.200000000000045	16.400000000000006	-2.8	-15.0	10.199999999999989	-14.199999999999989	-19.399999999999977	15.0	-40.39999999999998	-16.80000000000001	11.600000000000023	-14.199999999999989	-23.0	13.800000000000011	-38.19999999999999	-17.19999999999999	8.0	-11.199999999999989	-30.19999999999999	9.800000000000011	-30.399999999999977	-22.400000000000006	12.199999999999989	-17.399999999999977	
10.199999999999989	24.19999999999999	-9.0	25.600000000000023	12.799999999999997	0.6000000000000001	27.0	15.199999999999989	-1.6	21.600000000000023	9.600000000000023	24.0	32.60000000000002	18.799999999999997	0.8000000000000114	25.19999999999999	14.199999999999989	13.800000000000011	21.600000000000023	18.19999999999999	-17.399999999999977	21.19999999999999	20.0	0.0	11.199999999999989	17.19999999999999	-21.600000000000023	12.400000000000006	21.0	-17.600000000000023	

1.5999999999999943	8.399999999999977	13.0	7.199999999999989	6.400000000000006	-1.6	10.600000000000023	13.800000000000011	-0.4	9.0	12.800000000000011	9.199999999999989	4.600000000000023	10.599999999999994	-11.199999999999989	5.800000000000011	13.399999999999977	8.399999999999977	-1.6000000000000227	8.400000000000006	-6.399999999999977	2.3999999999999773	10.600000000000023	12.0	-3.0	5.199999999999989	1.3999999999999773	-1.0	9.0	7.600000000000023	
-9.599999999999994	15.800000000000011	7.599999999999994	-3.8000000000000114	23.400000000000006	1.4	-5.0	35.39999999999998	-2.2	-4.600000000000023	27.19999999999999	1.0	-15.800000000000011	27.799999999999997	-46.80000000000001	-10.0	25.80000000000001	2.8000000000000114	-24.19999999999999	21.80000000000001	-36.39999999999998	-7.800000000000011	21.0	6.800000000000011	-29.400000000000006	16.19999999999999	-20.600000000000023	-19.400000000000006	20.19999999999999	-3.0	
-8.0	4.399999999999977	-7.0	-5.600000000000023	5.200000000000003	2.4	-8.199999999999989	10.400000000000006	-0.8	-7.199999999999989	6.199999999999989	-4.399999999999977	-11.600000000000023	10.799999999999997	-18.19999999999999	-8.0	4.199999999999989	-6.199999999999989	-10.600000000000023	7.400000000000006	-19.0	-9.600000000000023	4.0	-6.599999999999994	-16.0	5.799999999999997	-15.0	-10.599999999999994	5.0	-9.600000000000023	
-7.199999999999989	4.399999999999977	-13.200000000000003	-6.199999999999989	8.0	-4.4	-4.800000000000011	12.800000000000011	-2.4	-4.600000000000023	8.199999999999989	-8.199999999999989	-8.800000000000011	9.799999999999997	-25.600000000000023	-4.600000000000023	8.0	-9.600000000000023	-10.800000000000011	7.400000000000006	-24.600000000000023	-6.600000000000023	6.199999999999989	-10.599999999999994	-14.0	5.799999999999997	-24.0	-10.0	5.199999999999989	-15.199999999999989	
5.400000000000006	23.600000000000023	-18.0	28.399999999999977	10.799999999999997	0.8000000000000007	35.80000000000001	14.400000000000006	1.4	31.600000000000023	12.800000000000011	9.800000000000011	32.60000000000002	13.799999999999997	-18.80000000000001	27.399999999999977	20.0	-3.0	18.600000000000023	14.599999999999994	-33.19999999999999	17.19999999999999	22.80000000000001	-15.400000000000006	3.3999999999999773	16.0	-34.39999999999998	6.199999999999989	22.80000000000001	-29.399999999999977	

4.800000000000011	7.199999999999989	16.400000000000006	1.0	10.400000000000006	-1.4000000000000004	-1.1999999999999886	12.199999999999989	1.0	-1.6000000000000227	8.600000000000023	16.399999999999977	-0.6000000000000227	13.799999999999997	7.199999999999989	2.1999999999999886	9.0	17.600000000000023	-1.4000000000000057	11.400000000000006	8.800000000000011	2.1999999999999886	8.399999999999977	16.599999999999994	0.8000000000000114	11.199999999999989	12.199999999999989	2.5999999999999943	8.599999999999994	14.400000000000006	
-5.800000000000011	1.6000000000000227	9.599999999999994	-6.399999999999977	26.799999999999997	0.20000000000000018	-6.199999999999989	36.0	-0.2	-2.0	19.80000000000001	19.600000000000023	-16.399999999999977	27.0	-36.0	-2.1999999999999886	15.199999999999989	19.0	-18.19999999999999	17.0	-26.80000000000001	-0.6000000000000227	8.399999999999977	19.599999999999994	-18.599999999999994	6.0	-12.399999999999977	-8.199999999999989	10.199999999999989	2.8000000000000114	
-2.5999999999999943	0.39999999999997726	-6.799999999999997	2.0	8.599999999999994	1.7999999999999998	3.3999999999999773	11.199999999999989	1.0	1.8000000000000114	4.199999999999989	4.2000000000000455	-2.1999999999999886	10.799999999999997	-23.80000000000001	1.0	5.199999999999989	0.6000000000000227	-7.800000000000011	6.400000000000006	-22.19999999999999	0.19999999999998863	2.0	-2.4000000000000057	-9.800000000000011	0.8000000000000114	-18.600000000000023	-4.800000000000011	2.5999999999999943	-11.399999999999977	
-14.0	-3.0	-10.0	-15.199999999999989	6.200000000000003	-0.20000000000000018	-20.80000000000001	8.0	-0.8	-18.399999999999977	4.800000000000011	-11.399999999999977	-22.19999999999999	7.200000000000003	-23.19999999999999	-17.19999999999999	1.6000000000000227	-9.0	-19.19999999999999	3.8000000000000114	-18.399999999999977	-16.600000000000023	0.6000000000000227	-8.199999999999989	-20.400000000000006	0.5999999999999943	-16.0	-17.19999999999999	0.0	-9.399999999999977	
-5.400000000000006	24.19999999999999	10.200000000000003	6.199999999999989	27.799999999999997	-0.20000000000000018	5.800000000000011	31.80000000000001	0.8	2.8000000000000114	24.19999999999999	20.19999999999999	-1.8000000000000114	31.400000000000006	-14.199999999999989	1.8000000000000114	26.19999999999999	14.800000000000011	-6.399999999999977	26.400000000000006	-11.199999999999989	-1.8000000000000114	26.80000000000001	11.599999999999994	-14.600000000000023	24.19999999999999	-5.600000000000023	-9.0	26.400000000000006	3.0	

2.0	-0.39999999999997726	-4.0	12.199999999999989	0.8000000000000114	2.0	12.600000000000023	-6.199999999999989	-0.4	7.600000000000023	-8.399999999999977	6.600000000000023	13.400000000000006	-1.1999999999999886	6.399999999999977	7.0	-4.199999999999989	2.8000000000000114	8.400000000000006	-0.4000000000000057	-1.3999999999999773	5.399999999999977	-1.8000000000000114	-0.8000000000000114	5.199999999999989	2.5999999999999943	-5.800000000000011	1.8000000000000114	-0.8000000000000114	-4.199999999999989	
-8.599999999999994	-3.8000000000000114	-9.2	-8.800000000000011	11.0	0.0	-6.0	11.199999999999989	0.2	-4.800000000000011	2.8000000000000114	-6.399999999999977	-14.599999999999994	7.599999999999994	-28.80000000000001	-6.800000000000011	2.3999999999999773	-9.0	-15.0	3.1999999999999886	-23.0	-7.0	-1.8000000000000114	-8.0	-16.80000000000001	-4.0	-17.600000000000023	-12.0	-2.1999999999999886	-13.0	
-6.199999999999989	1.3999999999999773	-8.0	0.8000000000000114	6.800000000000011	-1.5999999999999996	3.6000000000000227	9.0	0.19999999999999996	3.8000000000000114	2.3999999999999773	0.8000000000000114	-1.4000000000000057	10.199999999999989	-16.399999999999977	0.8000000000000114	3.6000000000000227	-4.199999999999989	-5.599999999999994	6.0	-17.0	-1.3999999999999773	3.0	-5.800000000000011	-8.800000000000011	3.0	-13.399999999999977	-6.0	2.3999999999999773	-10.400000000000006	
-2.1999999999999886	-4.0	-0.7999999999999998	-13.400000000000006	12.599999999999994	-0.40000000000000036	-18.0	9.0	1.0	-14.0	-2.6000000000000227	17.0	-13.0	14.199999999999989	4.0	-6.600000000000023	-3.6000000000000227	13.0	-7.599999999999994	8.599999999999994	-0.39999999999997726	-3.3999999999999773	-4.800000000000011	6.399999999999977	-7.600000000000023	3.5999999999999943	-6.0	-3.5999999999999943	0.6000000000000227	1.5999999999999943	
23.80000000000001	25.0	29.8	29.600000000000023	65.0	1.2000000000000002	39.19999999999999	48.0	0.2	28.399999999999977	11.199999999999989	97.60000000000002	34.60000000000002	72.6	33.19999999999999	35.80000000000001	18.19999999999999	71.8	22.0	57.0	19.0	33.39999999999998	23.399999999999977	47.0	13.600000000000023	48.80000000000001	9.199999999999989	23.19999999999999	39.60000000000002	21.599999999999994	

1.1999999999999886	0.8000000000000114	4.800000000000001	6.400000000000006	6.800000000000011	-1.7999999999999998	9.800000000000011	7.600000000000023	-0.6	7.0	1.8000000000000114	8.600000000000023	2.5999999999999943	5.800000000000011	-3.0	6.199999999999989	2.3999999999999773	5.400000000000006	-0.4000000000000057	3.1999999999999886	-2.1999999999999886	4.199999999999989	3.3999999999999773	4.800000000000011	-2.0	2.4000000000000057	2.0	1.5999999999999943	2.6000000000000227	3.5999999999999943	
-6.199999999999989	-5.199999999999989	-7.199999999999999	-10.400000000000006	15.599999999999994	-0.7999999999999998	-1.3999999999999773	16.80000000000001	2.4	2.0	2.6000000000000227	-0.6000000000000227	-14.599999999999994	10.800000000000011	-28.399999999999977	0.8000000000000114	1.0	-3.8000000000000114	-13.800000000000011	3.5999999999999943	-21.600000000000023	-3.1999999999999886	-1.1999999999999886	-4.800000000000011	-14.599999999999994	-2.1999999999999886	-16.19999999999999	-10.0	-4.800000000000011	-10.199999999999989	
-2.8000000000000114	0.0	-5.800000000000001	-1.5999999999999943	11.199999999999989	-2.8000000000000007	5.199999999999989	13.0	0.8	5.800000000000011	3.0	2.6000000000000227	-7.0	9.599999999999994	-23.600000000000023	2.1999999999999886	2.8000000000000114	-1.1999999999999886	-9.599999999999994	4.400000000000006	-18.80000000000001	-1.6000000000000227	1.8000000000000114	-4.0	-11.599999999999994	-1.0	-14.0	-5.199999999999989	1.6000000000000227	-8.0	
-1.0	-5.399999999999977	-5.0	-7.199999999999989	12.0	-2.4000000000000004	-5.199999999999989	3.3999999999999773	0.0	-5.800000000000011	-7.399999999999977	18.80000000000001	-5.599999999999994	12.800000000000011	1.3999999999999773	-2.3999999999999773	-6.0	9.400000000000006	-3.4000000000000057	6.800000000000011	-4.199999999999989	-0.39999999999997726	-6.800000000000011	1.1999999999999886	-6.400000000000006	1.5999999999999943	-9.0	-0.5999999999999943	-1.6000000000000227	-5.800000000000011	
30.399999999999977	17.19999999999999	24.0	57.19999999999999	61.0	2.8	73.39999999999998	38.80000000000001	0.4	56.19999999999999	-6.800000000000011	110.19999999999999	56.19999999999999	69.0	37.0	56.60000000000002	7.600000000000023	72.6	31.599999999999994	51.0	11.199999999999989	45.60000000000002	15.199999999999989	42.80000000000001	20.80000000000001	43.19999999999999	5.800000000000011	28.19999999999999	32.0	19.400000000000006	

-3.1999999999999886	3.6000000000000227	1.1999999999999993	-5.799999999999997	12.199999999999989	0.0	-1.8000000000000114	15.199999999999989	0.6	2.1999999999999886	7.600000000000023	3.6000000000000227	-8.200000000000003	10.400000000000006	-10.600000000000023	-0.19999999999998863	7.0	0.8000000000000114	-7.599999999999994	5.199999999999989	-7.800000000000011	-2.6000000000000227	6.399999999999977	-0.4000000000000057	-5.800000000000011	4.400000000000006	-4.199999999999989	-5.0	5.199999999999989	-1.4000000000000057	
-6.400000000000006	-2.8000000000000114	-1.5999999999999996	-18.200000000000003	7.0	0.40000000000000036	-11.400000000000006	14.800000000000011	0.0	-5.0	5.600000000000023	-2.2000000000000455	-20.799999999999997	5.800000000000011	-20.80000000000001	-5.800000000000011	0.19999999999998863	-0.4000000000000057	-16.80000000000001	-0.19999999999998863	-12.600000000000023	-6.199999999999989	-2.0	-0.5999999999999943	-13.199999999999989	-5.599999999999994	-5.600000000000023	-8.599999999999994	-1.8000000000000114	-3.0	
-7.199999999999989	3.8000000000000114	-2.8000000000000007	-22.599999999999994	18.80000000000001	-1.5999999999999996	-18.400000000000006	26.19999999999999	3.0	-10.0	17.0	-1.3999999999999773	-24.599999999999994	16.0	-19.399999999999977	-8.199999999999989	12.800000000000011	-0.8000000000000114	-17.400000000000006	6.800000000000011	-10.199999999999989	-8.0	9.199999999999989	-0.19999999999998863	-14.199999999999989	6.599999999999994	-8.199999999999989	-12.599999999999994	6.0	-6.199999999999989	
0.4000000000000057	-4.800000000000011	-0.8000000000000007	-10.599999999999994	8.199999999999989	-4.4	-10.800000000000011	1.0	-0.4	-10.800000000000011	-8.0	15.799999999999955	-5.799999999999997	6.400000000000006	8.399999999999977	-3.0	-8.399999999999977	9.199999999999989	-2.1999999999999886	3.0	4.0	-0.6000000000000227	-6.399999999999977	6.599999999999994	-3.4000000000000057	-0.4000000000000057	-0.6000000000000227	-0.19999999999998863	-3.0	0.5999999999999943	
27.399999999999977	14.199999999999989	12.8	92.6	53.80000000000001	0.5999999999999996	108.80000000000001	14.800000000000011	0.6	77.80000000000001	-32.39999999999998	108.80000000000001	78.6	58.599999999999994	32.19999999999999	67.60000000000002	-6.600000000000023	62.0	42.400000000000006	44.0	6.0	49.0	10.199999999999989	30.600000000000023	24.0	35.400000000000006	-1.1999999999999886	32.19999999999999	26.399999999999977	8.0	

6.399999999999977	11.199999999999989	-1.6000000000000227	7.600000000000023	1.7999999999999972	1.0	7.2000000000000455	6.0	0.0	4.2000000000000455	7.0	3.1999999999999886	10.0	5.200000000000003	-4.599999999999994	7.600000000000023	9.0	4.599999999999994	7.600000000000023	5.4	-9.199999999999989	6.0	11.800000000000011	1.0	7.800000000000011	4.200000000000003	-9.799999999999955	7.800000000000011	11.0	-5.199999999999989	
15.600000000000023	22.19999999999999	-14.399999999999977	12.800000000000011	8.600000000000001	1.4000000000000004	10.399999999999977	10.399999999999999	-0.4	9.600000000000023	13.599999999999994	0.8000000000000114	25.200000000000045	10.799999999999997	-29.400000000000006	16.600000000000023	18.80000000000001	-0.19999999999998863	23.399999999999977	8.8	-45.80000000000001	21.399999999999977	24.399999999999977	-7.799999999999997	22.0	7.400000000000006	-53.39999999999998	22.80000000000001	22.599999999999994	-39.80000000000001	
24.399999999999977	14.400000000000006	-31.0	13.600000000000023	1.2000000000000028	3.4000000000000004	19.399999999999977	8.200000000000003	-0.8	14.799999999999955	8.400000000000006	4.600000000000023	27.399999999999977	2.5999999999999943	-11.800000000000011	24.399999999999977	11.199999999999989	-4.400000000000006	25.399999999999977	0.40000000000000036	-30.19999999999999	29.600000000000023	14.600000000000023	-16.6	25.19999999999999	-3.799999999999997	-45.60000000000002	27.399999999999977	6.799999999999997	-44.80000000000001	
97.60000000000002	58.60000000000002	-76.19999999999999	57.0	11.2	-2.4000000000000004	72.60000000000002	27.200000000000003	0.4	61.39999999999998	26.599999999999994	31.0	99.20000000000005	13.799999999999997	-27.19999999999999	86.60000000000002	39.0	8.800000000000011	99.20000000000005	5.4	-82.60000000000002	104.79999999999995	50.39999999999998	-35.2	103.0	-1.7999999999999972	-123.0	102.39999999999998	36.2	-114.79999999999995	
10.0	5.599999999999994	17.19999999999999	-4.800000000000011	7.800000000000001	4.2	-5.600000000000023	7.399999999999999	-1.2	-6.2000000000000455	3.0	23.80000000000001	-0.20000000000004547	10.599999999999994	23.400000000000006	-1.3999999999999773	3.5999999999999943	27.0	3.3999999999999773	10.2	21.80000000000001	6.399999999999977	3.0	24.599999999999994	6.800000000000011	8.200000000000003	15.0	7.600000000000023	7.0	17.0	

24.80000000000001	12.399999999999977	-4.800000000000011	16.80000000000001	7.0	1.0	20.399999999999977	9.200000000000003	-0.8	18.200000000000045	7.599999999999994	24.0	28.399999999999977	6.400000000000006	6.400000000000006	24.0	10.199999999999989	19.0	26.799999999999955	7.199999999999999	-5.399999999999977	30.0	12.199999999999989	7.0	27.0	4.0	-14.399999999999977	28.399999999999977	11.599999999999994	-11.800000000000011	
20.80000000000001	20.80000000000001	-20.0	23.399999999999977	9.8	0.20000000000000018	27.799999999999955	13.200000000000003	0.19999999999999996	20.399999999999977	11.800000000000011	11.0	35.799999999999955	8.200000000000003	-23.80000000000001	29.200000000000045	19.0	2.8000000000000114	31.0	4.600000000000001	-46.0	31.600000000000023	24.399999999999977	-12.399999999999999	25.0	2.0	-57.200000000000045	25.80000000000001	17.599999999999994	-44.60000000000002	
11.399999999999977	8.399999999999977	-39.60000000000002	20.600000000000023	-5.200000000000003	-0.20000000000000018	26.399999999999977	-1.0	-0.6	21.799999999999955	3.0	-7.800000000000011	27.399999999999977	-9.799999999999997	-24.80000000000001	28.600000000000023	8.199999999999989	-18.399999999999977	21.200000000000045	-12.4	-42.80000000000001	25.399999999999977	11.0	-37.4	13.600000000000023	-15.799999999999997	-53.39999999999998	12.800000000000011	-2.0	-55.0	
6.0	56.0	-101.0	48.39999999999998	-5.399999999999999	0.0	63.39999999999998	18.799999999999997	-1.0	52.60000000000002	38.0	-42.80000000000001	56.39999999999998	-11.400000000000006	-99.19999999999999	51.60000000000002	47.80000000000001	-69.80000000000001	30.799999999999955	-15.8	-140.0	33.39999999999998	55.80000000000001	-95.2	-1.6000000000000227	-17.799999999999997	-142.20000000000005	0.8000000000000114	24.200000000000003	-139.79999999999995	
23.0	12.199999999999989	-1.1999999999999886	3.0	11.600000000000001	1.2000000000000002	2.3999999999999773	8.599999999999994	1.4	4.600000000000023	5.200000000000003	28.0	14.399999999999977	11.599999999999994	27.599999999999994	15.0	5.199999999999989	26.599999999999994	19.399999999999977	8.6	18.80000000000001	22.200000000000045	7.600000000000023	14.799999999999997	22.600000000000023	6.399999999999999	4.0	22.80000000000001	4.200000000000003	1.1999999999999886	

19.19999999999999	17.80000000000001	-20.399999999999977	27.399999999999977	2.799999999999997	1.2000000000000002	34.799999999999955	4.599999999999994	0.2	34.200000000000045	8.400000000000006	14.800000000000011	35.799999999999955	-2.5999999999999943	-2.6000000000000227	36.0	12.800000000000011	2.3999999999999773	28.399999999999977	-3.4000000000000004	-20.19999999999999	30.399999999999977	14.800000000000011	-12.600000000000001	19.600000000000023	-4.0	-24.200000000000045	20.19999999999999	6.0	-26.19999999999999	
45.39999999999998	33.39999999999998	-51.39999999999998	47.799999999999955	8.0	0.7999999999999998	63.799999999999955	16.200000000000003	-1.0	53.799999999999955	17.19999999999999	29.0	68.79999999999995	6.0	-25.600000000000023	71.60000000000002	25.80000000000001	2.8000000000000114	59.39999999999998	2.0	-72.80000000000001	65.20000000000005	31.399999999999977	-31.799999999999997	42.60000000000002	-2.6000000000000014	-85.60000000000002	46.0	19.599999999999994	-78.60000000000002	
-13.399999999999977	17.0	-26.0	3.0	-1.0	4.0	8.799999999999955	7.599999999999994	-0.8	4.7999999999999545	15.400000000000006	-28.80000000000001	-0.20000000000004547	-6.400000000000006	-52.60000000000002	-1.3999999999999773	19.19999999999999	-32.80000000000001	-10.399999999999977	-4.399999999999999	-58.39999999999998	-7.7999999999999545	18.80000000000001	-32.6	-22.19999999999999	-5.399999999999999	-49.39999999999998	-19.399999999999977	10.400000000000006	-43.19999999999999	
-67.80000000000001	36.19999999999999	-6.800000000000011	-22.80000000000001	5.799999999999997	-2.4000000000000004	-28.0	29.599999999999994	2.8	-33.39999999999998	39.599999999999994	-60.0	-47.19999999999999	10.400000000000006	-84.39999999999998	-48.39999999999998	44.0	-53.80000000000001	-62.39999999999998	13.0	-68.80000000000001	-63.80000000000001	43.39999999999998	-33.4	-78.80000000000001	16.2	-39.200000000000045	-75.6	30.599999999999994	-27.600000000000023	
31.399999999999977	14.399999999999977	4.800000000000011	17.399999999999977	13.799999999999997	-3.5999999999999996	23.200000000000045	9.599999999999994	-1.0	20.399999999999977	5.199999999999989	43.60000000000002	33.0	12.0	26.599999999999994	33.200000000000045	8.199999999999989	35.39999999999998	32.39999999999998	7.0	10.0	37.60000000000002	10.600000000000023	20.200000000000003	29.0	4.800000000000001	-1.6000000000000227	31.600000000000023	9.200000000000003	-4.600000000000023	

-24.19999999999999	0.8000000000000114	14.400000000000006	-16.19999999999999	-5.0	2.2	-19.80000000000001	-0.7999999999999972	1.4	-19.399999999999977	5.400000000000006	-13.399999999999977	-26.600000000000023	-6.0	-0.6000000000000227	-25.80000000000001	2.1999999999999886	-6.199999999999989	-25.0	-2.799999999999997	12.800000000000011	-29.399999999999977	1.3999999999999773	6.0	-24.399999999999977	-2.2	27.0	-24.80000000000001	0.4000000000000057	23.0	
-11.400000000000006	50.39999999999998	-66.80000000000001	41.60000000000002	4.799999999999997	0.20000000000000018	55.60000000000002	38.2	1.0	48.0	55.19999999999999	-48.200000000000045	31.19999999999999	6.200000000000003	-114.39999999999998	33.39999999999998	62.19999999999999	-68.0	2.6000000000000227	2.6000000000000014	-128.2	11.0	61.19999999999999	-80.0	-28.19999999999999	3.0	-108.20000000000005	-19.599999999999994	34.599999999999994	-98.19999999999999	
-11.599999999999994	8.399999999999977	-21.0	0.19999999999998863	-0.20000000000000284	-1.5999999999999996	3.3999999999999773	6.799999999999997	1.0	2.3999999999999773	11.599999999999994	-17.0	-1.8000000000000114	-0.5999999999999943	-31.399999999999977	0.0	14.199999999999989	-21.19999999999999	-8.600000000000023	-2.1999999999999993	-32.80000000000001	-5.600000000000023	12.600000000000023	-22.799999999999997	-15.399999999999977	-1.2	-27.80000000000001	-14.199999999999989	5.599999999999994	-25.600000000000023	
-35.599999999999994	18.80000000000001	-3.4000000000000057	-22.0	8.600000000000001	-3.2	-28.399999999999977	24.400000000000006	-1.8	-31.399999999999977	28.400000000000006	-35.60000000000002	-39.0	14.0	-48.19999999999999	-38.39999999999998	29.19999999999999	-25.600000000000023	-42.19999999999999	14.600000000000001	-35.19999999999999	-39.80000000000001	26.0	-11.799999999999997	-46.19999999999999	15.2	-22.399999999999977	-40.599999999999994	20.400000000000006	-10.600000000000023	
17.600000000000023	10.600000000000023	-14.599999999999994	22.600000000000023	5.0	-1.1999999999999993	32.0	6.200000000000003	-0.2	27.399999999999977	4.0	27.0	31.0	4.599999999999994	11.0	34.19999999999999	7.400000000000006	13.0	24.80000000000001	2.200000000000003	-4.600000000000023	27.399999999999977	10.0	-3.5999999999999943	16.0	-2.0	-10.600000000000023	16.80000000000001	2.5999999999999943	-17.399999999999977	

20.599999999999994	1.0	21.80000000000001	24.399999999999977	-6.799999999999997	1.0	33.19999999999999	-6.200000000000003	-1.0	31.0	-3.0	25.399999999999977	31.19999999999999	-9.399999999999999	25.0	31.399999999999977	-1.1999999999999886	22.19999999999999	26.600000000000023	-9.599999999999994	26.399999999999977	27.0	-1.1999999999999886	20.200000000000003	27.80000000000001	-9.600000000000001	28.399999999999977	24.80000000000001	-5.400000000000006	25.399999999999977	
-38.0	29.19999999999999	0.19999999999998863	-11.0	-2.0	1.0	-16.399999999999977	27.400000000000006	-0.4	-17.0	48.80000000000001	-55.799999999999955	-35.0	1.0	-75.60000000000002	-30.19999999999999	46.0	-46.60000000000002	-45.60000000000002	2.5999999999999943	-53.60000000000002	-39.39999999999998	38.0	-22.200000000000003	-50.39999999999998	4.0	-27.399999999999977	-45.19999999999999	21.0	-17.600000000000023	
-7.800000000000011	10.0	-12.800000000000011	-2.6000000000000227	4.600000000000001	0.20000000000000018	-2.0	13.599999999999994	-1.0	-2.1999999999999886	16.19999999999999	-18.0	-8.199999999999989	3.6000000000000014	-32.80000000000001	-6.0	16.19999999999999	-18.80000000000001	-12.399999999999977	4.400000000000006	-31.19999999999999	-9.0	12.399999999999977	-17.799999999999997	-18.399999999999977	4.399999999999999	-24.399999999999977	-14.800000000000011	8.400000000000006	-19.0	
-17.19999999999999	0.8000000000000114	-15.0	-5.600000000000023	-2.200000000000003	-0.5999999999999996	-7.800000000000011	3.5999999999999943	1.0	-6.600000000000023	7.0	-20.399999999999977	-12.399999999999977	-1.3999999999999986	-29.600000000000023	-10.0	6.599999999999994	-21.0	-15.600000000000023	-5.0	-27.80000000000001	-14.600000000000023	4.800000000000011	-17.0	-19.399999999999977	-2.799999999999997	-21.600000000000023	-16.400000000000006	1.8000000000000114	-18.80000000000001	
18.0	11.199999999999989	-11.800000000000011	32.60000000000002	8.399999999999999	-1.0	41.39999999999998	5.799999999999997	1.2	40.39999999999998	4.599999999999994	25.80000000000001	39.0	3.0	5.600000000000023	39.60000000000002	6.800000000000011	7.800000000000011	28.399999999999977	0.0	-10.199999999999989	29.600000000000023	10.0	-7.200000000000003	17.19999999999999	0.3999999999999986	-13.600000000000023	17.80000000000001	6.199999999999989	-17.19999999999999	

-2.8000000000000114	5.199999999999989	16.400000000000006	-4.199999999999989	-4.0	0.5999999999999996	-2.6000000000000227	0.5999999999999943	-0.19999999999999996	-4.0	7.0	2.3999999999999773	-4.600000000000023	-1.7999999999999972	3.1999999999999886	-5.199999999999989	5.600000000000023	4.600000000000023	-3.8000000000000114	-0.4000000000000057	11.0	-4.600000000000023	5.800000000000011	10.800000000000011	-3.1999999999999886	-0.20000000000000284	15.199999999999989	-4.199999999999989	2.0	16.0	
-23.80000000000001	7.800000000000011	4.799999999999997	-27.80000000000001	-0.6000000000000014	0.20000000000000018	-37.19999999999999	19.799999999999997	-0.8	-32.80000000000001	28.80000000000001	-24.0	-41.60000000000002	5.200000000000003	-37.39999999999998	-33.80000000000001	25.0	-15.399999999999977	-33.60000000000002	4.0	-23.399999999999977	-29.600000000000023	18.600000000000023	-0.5999999999999943	-35.0	3.0	-5.600000000000023	-28.19999999999999	10.0	-1.4000000000000057	
-7.599999999999994	3.8000000000000114	-8.799999999999997	-2.1999999999999886	0.3999999999999986	3.4	-5.399999999999977	8.200000000000003	1.0	-3.1999999999999886	10.199999999999989	-10.799999999999955	-11.199999999999989	1.0	-25.80000000000001	-5.800000000000011	8.199999999999989	-12.399999999999977	-11.600000000000023	0.4000000000000057	-21.80000000000001	-7.399999999999977	7.0	-11.800000000000011	-14.399999999999977	-1.3999999999999986	-17.0	-10.599999999999994	2.0	-13.199999999999989	
-7.599999999999994	5.600000000000023	-6.0	-7.600000000000023	4.600000000000001	1.0	-7.800000000000011	9.200000000000003	2.2	-5.600000000000023	11.599999999999994	-10.600000000000023	-11.399999999999977	3.6000000000000014	-23.399999999999977	-7.0	10.0	-10.399999999999977	-12.399999999999977	3.200000000000003	-21.0	-6.600000000000023	8.199999999999989	-8.199999999999989	-12.800000000000011	0.3999999999999986	-16.0	-10.199999999999989	3.1999999999999886	-11.0	
-6.400000000000006	19.80000000000001	3.200000000000003	2.0	11.200000000000003	1.5999999999999996	7.600000000000023	20.400000000000006	1.4	6.0	26.400000000000006	5.2000000000000455	-1.0	12.600000000000001	-12.199999999999989	1.8000000000000114	25.0	-0.39999999999997726	-8.0	11.0	-8.0	-5.0	23.600000000000023	0.0	-12.399999999999977	10.0	-1.6000000000000227	-10.800000000000011	17.0	-1.4000000000000057	

-1.4000000000000057	12.199999999999989	6.0	0.8000000000000114	8.600000000000001	-2.2	-0.19999999999998863	16.799999999999997	-2.0	0.39999999999997726	19.599999999999994	1.7999999999999545	-4.399999999999977	10.200000000000003	-7.199999999999989	0.19999999999998863	20.0	1.0	-5.600000000000023	8.799999999999997	-1.3999999999999773	-2.6000000000000227	16.600000000000023	2.8000000000000114	-5.199999999999989	10.799999999999997	2.8000000000000114	-2.8000000000000114	12.199999999999989	4.0	
-8.199999999999989	12.600000000000023	-8.599999999999994	-14.800000000000011	10.200000000000003	0.20000000000000018	-11.399999999999977	31.599999999999994	-1.8	-7.0	34.0	-18.399999999999977	-23.80000000000001	12.600000000000001	-46.39999999999998	-10.199999999999989	28.19999999999999	-15.0	-22.400000000000006	8.400000000000006	-34.19999999999999	-11.600000000000023	21.399999999999977	-11.0	-22.19999999999999	6.599999999999994	-21.80000000000001	-17.599999999999994	12.800000000000011	-17.0	
-4.0	9.800000000000011	-11.0	2.1999999999999886	7.0	-0.5999999999999996	3.3999999999999773	17.799999999999997	3.2	4.600000000000023	18.0	-8.200000000000045	-4.800000000000011	7.399999999999999	-26.399999999999977	2.1999999999999886	15.600000000000023	-14.399999999999977	-7.800000000000011	7.0	-25.19999999999999	-3.1999999999999886	13.399999999999977	-15.0	-9.800000000000011	5.399999999999999	-20.80000000000001	-6.199999999999989	9.199999999999989	-17.599999999999994	
-16.19999999999999	3.8000000000000114	-8.0	-27.19999999999999	5.200000000000003	-1.4000000000000004	-35.60000000000002	12.599999999999994	-0.8	-33.80000000000001	12.199999999999989	-17.600000000000023	-32.19999999999999	5.600000000000001	-23.0	-26.80000000000001	9.0	-11.199999999999989	-23.19999999999999	5.200000000000003	-17.399999999999977	-22.80000000000001	7.199999999999989	-9.0	-23.80000000000001	5.399999999999999	-15.199999999999989	-21.0	5.400000000000006	-13.800000000000011	
12.199999999999989	20.600000000000023	-6.400000000000006	40.60000000000002	25.4	-0.7999999999999998	55.80000000000001	31.799999999999997	0.4	53.19999999999999	26.19999999999999	37.200000000000045	34.0	21.6	-12.800000000000011	43.39999999999998	26.80000000000001	10.800000000000011	16.600000000000023	15.599999999999994	-23.0	27.600000000000023	24.19999999999999	-4.199999999999989	7.0	12.799999999999997	-19.0	9.400000000000006	18.599999999999994	-15.0	

0.8000000000000114	-1.1999999999999886	13.8	0.8000000000000114	0.7999999999999972	3.8	-1.1999999999999886	-2.5999999999999943	-1.4	-2.0	1.0	8.399999999999977	0.19999999999998863	-2.8000000000000007	15.199999999999989	-2.0	0.39999999999997726	12.399999999999977	2.4000000000000057	-1.4000000000000057	15.800000000000011	0.19999999999998863	1.1999999999999886	14.800000000000011	3.1999999999999886	-1.0	18.600000000000023	3.1999999999999886	-1.1999999999999886	17.0	
-7.199999999999989	2.8000000000000114	-2.3999999999999986	-25.0	9.399999999999999	-1.4000000000000004	-23.400000000000006	26.80000000000001	1.6	-13.199999999999989	27.0	-3.7999999999999545	-28.19999999999999	7.600000000000001	-32.80000000000001	-11.800000000000011	18.19999999999999	-2.1999999999999886	-21.599999999999994	2.200000000000003	-21.80000000000001	-9.399999999999977	8.600000000000023	-1.5999999999999943	-21.400000000000006	-0.4000000000000057	-12.800000000000011	-12.599999999999994	3.8000000000000114	-7.599999999999994	
-6.0	3.1999999999999886	-7.200000000000003	-8.0	5.200000000000003	-2.2	-3.5999999999999943	17.0	-0.4	0.8000000000000114	17.80000000000001	-10.0	-13.800000000000011	4.600000000000001	-28.0	-3.1999999999999886	12.800000000000011	-12.0	-12.599999999999994	2.5999999999999943	-20.600000000000023	-6.399999999999977	7.800000000000011	-9.599999999999994	-12.800000000000011	-1.0	-14.600000000000023	-10.400000000000006	3.4000000000000057	-10.400000000000006	
-3.8000000000000114	-4.800000000000011	-2.3999999999999986	-18.19999999999999	4.200000000000003	1.7999999999999998	-24.80000000000001	-3.1999999999999886	1.6	-20.599999999999994	-10.600000000000023	8.399999999999977	-15.0	1.2000000000000028	0.39999999999997726	-11.0	-9.199999999999989	7.0	-6.599999999999994	-1.2000000000000028	-2.4000000000000057	-5.800000000000011	-7.800000000000011	1.4000000000000057	-6.400000000000006	-2.4000000000000057	-7.0	-4.400000000000006	-2.8000000000000114	-6.199999999999989	
7.800000000000011	29.600000000000023	10.8	17.80000000000001	38.2	0.20000000000000018	39.60000000000002	59.80000000000001	2.4	46.19999999999999	44.39999999999998	47.60000000000002	10.599999999999994	35.4	-25.19999999999999	32.19999999999999	40.39999999999998	21.0	-4.599999999999994	24.400000000000006	-19.0	17.600000000000023	33.19999999999999	11.199999999999989	-8.400000000000006	20.200000000000003	-5.199999999999989	-1.1999999999999886	26.19999999999999	2.1999999999999886	

0.5999999999999943	1.1999999999999886	7.600000000000001	8.400000000000006	-0.7999999999999972	-1.5999999999999996	8.0	0.19999999999998863	-2.8	6.400000000000006	0.19999999999998863	6.0	4.0	0.6000000000000014	6.0	4.199999999999989	1.3999999999999773	3.0	0.5999999999999943	0.7999999999999972	8.0	1.4000000000000057	2.8000000000000114	6.800000000000011	-0.19999999999998863	0.0	8.600000000000023	-0.19999999999998863	3.0	7.0	
-5.199999999999989	3.1999999999999886	-5.199999999999999	-16.200000000000003	7.0	0.5999999999999996	-9.599999999999994	22.599999999999994	0.8	0.4000000000000057	19.0	-5.7999999999999545	-19.200000000000003	3.3999999999999986	-29.80000000000001	-3.8000000000000114	11.800000000000011	-7.0	-15.800000000000011	0.5999999999999943	-22.0	-3.4000000000000057	4.399999999999977	-8.400000000000006	-13.0	-3.0	-13.399999999999977	-8.199999999999989	0.8000000000000114	-12.199999999999989	
-7.400000000000006	3.1999999999999886	-8.600000000000001	-14.599999999999994	0.7999999999999972	1.4000000000000004	-14.799999999999997	11.599999999999994	0.8	-10.400000000000006	14.399999999999977	-14.200000000000045	-15.200000000000003	2.200000000000003	-16.399999999999977	-12.0	10.399999999999977	-11.0	-12.400000000000006	1.5999999999999943	-11.199999999999989	-10.0	7.0	-7.400000000000006	-9.599999999999994	3.0	-9.800000000000011	-9.0	4.400000000000006	-7.400000000000006	
6.0	-9.600000000000023	-3.5999999999999996	8.0	3.5999999999999943	2.5999999999999996	8.599999999999994	-15.400000000000006	-1.6	0.0	-31.399999999999977	30.399999999999977	16.0	0.6000000000000014	18.399999999999977	7.400000000000006	-22.80000000000001	17.0	11.199999999999989	-1.4000000000000057	7.0	6.599999999999994	-15.800000000000011	4.400000000000006	9.800000000000011	-2.5999999999999943	-1.8000000000000114	7.0	-5.199999999999989	-2.0	
6.599999999999994	27.600000000000023	5.0	23.200000000000003	50.6	3.0	53.80000000000001	70.19999999999999	-1.2	60.599999999999994	43.80000000000001	57.200000000000045	8.200000000000003	44.8	-26.600000000000023	39.19999999999999	40.80000000000001	21.19999999999999	-4.199999999999989	31.599999999999994	-19.599999999999994	17.80000000000001	35.0	5.599999999999994	-8.800000000000011	24.400000000000006	-9.199999999999989	-2.4000000000000057	28.80000000000001	-5.400000000000006	

33.0	1.4000000000000057	-4.800000000000011	19.0	-0.7999999999999972	-0.5999999999999996	25.799999999999955	1.8	3.0	24.0	3.0	22.0	28.200000000000045	-3.799999999999997	15.199999999999989	31.600000000000023	3.5999999999999943	17.600000000000023	29.0	-6.600000000000001	9.399999999999977	36.39999999999998	1.1999999999999886	9.6	31.600000000000023	-8.0	2.6000000000000227	32.39999999999998	-3.1999999999999993	-1.0	
18.0	-0.19999999999998863	-7.199999999999989	12.600000000000023	-3.200000000000003	-0.40000000000000036	13.600000000000023	-0.3999999999999999	0.2	14.200000000000045	0.7999999999999972	3.3999999999999773	16.200000000000045	-6.599999999999994	-7.400000000000006	17.600000000000023	2.799999999999997	1.0	15.199999999999989	-8.2	-13.199999999999989	21.0	1.5999999999999943	-6.800000000000001	14.0	-11.599999999999994	-15.199999999999989	19.600000000000023	-5.4	-15.399999999999977	
6.600000000000023	-3.4000000000000057	-39.39999999999998	11.800000000000011	-8.0	1.4000000000000004	15.200000000000045	-7.2	0.4	16.600000000000023	-1.2000000000000028	-13.199999999999989	12.399999999999977	-12.599999999999994	-21.19999999999999	19.0	-1.2000000000000028	-26.19999999999999	9.600000000000023	-16.2	-32.60000000000002	16.399999999999977	-4.400000000000006	-38.8	5.600000000000023	-18.599999999999994	-37.80000000000001	6.199999999999989	-12.8	-44.60000000000002	
54.19999999999999	7.800000000000011	-86.80000000000001	39.60000000000002	-5.0	-1.0	57.799999999999955	-2.0	-0.6	57.799999999999955	5.600000000000001	0.8000000000000114	59.39999999999998	-17.400000000000006	-22.400000000000006	69.79999999999995	6.799999999999997	-26.600000000000023	51.39999999999998	-27.4	-53.60000000000002	68.60000000000002	8.0	-61.8	45.0	-36.599999999999994	-73.60000000000002	49.80000000000001	-18.6	-90.39999999999998	
15.800000000000011	7.599999999999994	13.199999999999989	1.3999999999999773	10.200000000000003	0.5999999999999996	3.3999999999999773	10.2	-1.0	3.0	6.200000000000003	23.19999999999999	8.0	9.799999999999997	17.400000000000006	10.200000000000045	7.0	24.600000000000023	10.600000000000023	8.399999999999999	18.80000000000001	14.0	9.599999999999994	19.799999999999997	13.0	5.400000000000006	14.600000000000023	13.0	6.8	12.800000000000011	

26.399999999999977	1.0	-16.0	19.399999999999977	1.7999999999999972	-4.4	29.799999999999955	2.5999999999999996	-0.4	28.600000000000023	3.8000000000000007	17.19999999999999	31.600000000000023	-2.799999999999997	7.799999999999997	34.60000000000002	2.799999999999997	8.399999999999977	27.600000000000023	-7.399999999999999	0.5999999999999943	34.200000000000045	3.1999999999999886	-3.799999999999997	29.600000000000023	-11.200000000000003	-7.399999999999977	27.600000000000023	-3.8	-12.600000000000023	
19.600000000000023	4.800000000000011	-26.80000000000001	18.399999999999977	-2.3999999999999986	1.7999999999999998	22.600000000000023	2.4	0.6	24.799999999999955	4.799999999999997	9.0	26.799999999999955	-6.400000000000006	-11.400000000000006	29.600000000000023	5.200000000000003	0.8000000000000114	25.0	-9.600000000000001	-23.19999999999999	33.200000000000045	6.0	-13.599999999999994	19.600000000000023	-17.0	-29.600000000000023	24.80000000000001	-6.0	-32.60000000000002	
8.199999999999989	-1.8000000000000114	-38.60000000000002	14.600000000000023	-5.399999999999999	0.20000000000000018	20.799999999999955	-5.2	0.2	20.799999999999955	1.0	-12.199999999999989	17.799999999999955	-11.0	-20.400000000000006	23.0	0.0	-22.399999999999977	14.399999999999977	-14.600000000000001	-29.80000000000001	19.399999999999977	-0.4000000000000057	-34.8	6.199999999999989	-17.400000000000006	-32.60000000000002	9.199999999999989	-11.0	-40.60000000000002	
-0.19999999999998863	-2.799999999999997	-103.80000000000001	25.80000000000001	-22.599999999999994	-4.0	41.799999999999955	-14.600000000000001	1.0	46.0	0.3999999999999986	-50.39999999999998	29.0	-32.19999999999999	-55.599999999999994	41.39999999999998	-1.5999999999999943	-78.80000000000001	14.399999999999977	-37.0	-73.80000000000001	22.799999999999955	-1.8000000000000114	-102.2	-3.6000000000000227	-42.400000000000006	-80.39999999999998	-2.8000000000000114	-29.8	-101.0	
28.0	5.0	19.80000000000001	5.800000000000011	13.799999999999997	2.4000000000000004	3.0	14.2	0.2	3.2000000000000455	9.0	45.19999999999999	12.0	14.799999999999997	35.599999999999994	17.399999999999977	8.0	45.19999999999999	16.0	10.6	33.400000000000006	26.399999999999977	6.599999999999994	37.2	22.19999999999999	8.0	24.399999999999977	26.19999999999999	5.4	24.0	

-2.1999999999999886	5.400000000000006	-16.599999999999994	10.800000000000011	1.0	-0.20000000000000018	11.799999999999955	5.0	1.6	13.200000000000045	8.8	-3.6000000000000227	8.799999999999955	-0.8000000000000114	-3.799999999999997	11.600000000000023	7.799999999999997	-11.399999999999977	4.800000000000011	-2.200000000000003	-7.400000000000006	5.2000000000000455	7.0	-17.400000000000006	1.1999999999999886	-1.4000000000000057	-7.399999999999977	-1.1999999999999886	1.2	-15.199999999999989	
38.80000000000001	6.599999999999994	-58.19999999999999	43.60000000000002	-3.799999999999997	1.7999999999999998	65.0	3.0	-0.4	64.79999999999995	6.799999999999997	13.0	60.0	-13.0	-24.200000000000003	71.60000000000002	6.200000000000003	-17.0	48.80000000000001	-21.6	-49.19999999999999	64.20000000000005	5.0	-46.2	37.39999999999998	-30.599999999999994	-60.80000000000001	43.19999999999999	-13.4	-72.39999999999998	
-7.800000000000011	7.0	-29.599999999999994	9.199999999999989	-0.20000000000000284	2.5999999999999996	7.7999999999999545	1.0	-0.6	9.200000000000045	7.799999999999997	-22.0	2.2000000000000455	-4.799999999999997	-27.599999999999994	6.399999999999977	8.0	-28.600000000000023	-3.0	-5.199999999999999	-32.400000000000006	-2.0	6.800000000000011	-31.599999999999994	-8.800000000000011	-6.0	-31.0	-9.0	-1.0	-34.39999999999998	
-65.80000000000001	8.599999999999994	-60.0	-6.399999999999977	-23.599999999999994	1.4	-7.0	-14.399999999999999	-1.6	-6.7999999999999545	7.200000000000003	-98.80000000000001	-27.600000000000023	-29.19999999999999	-80.0	-29.600000000000023	9.799999999999997	-103.0	-43.80000000000001	-23.6	-75.0	-52.799999999999955	8.599999999999994	-88.4	-59.60000000000002	-19.200000000000003	-53.60000000000002	-64.80000000000001	-5.0	-63.60000000000002	
26.80000000000001	7.0	4.599999999999994	11.199999999999989	12.399999999999999	4.2	15.600000000000023	14.0	-0.4	17.200000000000045	10.200000000000003	40.80000000000001	17.799999999999955	12.0	27.799999999999997	25.0	9.799999999999997	35.599999999999994	20.80000000000001	7.199999999999999	18.19999999999999	33.0	7.800000000000011	20.400000000000006	22.0	3.0	10.600000000000023	24.399999999999977	2.8000000000000007	7.0	

-12.800000000000011	-1.5999999999999943	7.0	-4.600000000000023	1.0	4.6	-8.600000000000023	-4.600000000000001	-3.2	-6.0	-2.799999999999997	-3.1999999999999886	-8.199999999999989	-3.5999999999999943	7.200000000000003	-11.399999999999977	-2.799999999999997	-0.39999999999997726	-8.399999999999977	-2.4000000000000004	10.799999999999997	-12.199999999999989	-4.0	5.199999999999989	-8.800000000000011	-0.20000000000000284	15.399999999999977	-10.800000000000011	-1.3999999999999986	12.0	
20.19999999999999	-12.199999999999989	-129.0	71.0	-27.799999999999997	-1.0	105.0	-25.799999999999997	-1.8	111.0	-9.600000000000001	-39.39999999999998	80.79999999999995	-45.19999999999999	-53.599999999999994	98.39999999999998	-14.599999999999994	-86.19999999999999	54.39999999999998	-52.0	-89.0	64.60000000000002	-15.800000000000011	-122.0	30.80000000000001	-57.0	-95.80000000000001	27.0	-39.6	-120.60000000000002	
-18.80000000000001	10.599999999999994	-33.80000000000001	8.399999999999977	-4.0	0.7999999999999998	7.600000000000023	0.6000000000000014	-0.6	7.0	9.600000000000001	-38.19999999999999	-3.1999999999999886	-6.200000000000003	-43.400000000000006	0.8000000000000114	9.200000000000003	-43.39999999999998	-8.0	-7.8	-43.599999999999994	-9.0	9.400000000000006	-46.400000000000006	-18.80000000000001	-6.199999999999999	-39.0	-16.399999999999977	-1.0	-40.80000000000001	
-56.599999999999994	27.80000000000001	-15.400000000000006	-27.600000000000023	-1.0	-3.4000000000000004	-35.80000000000001	10.2	-0.6	-38.39999999999998	28.200000000000003	-74.79999999999995	-47.60000000000002	0.7999999999999972	-65.19999999999999	-53.60000000000002	31.400000000000006	-62.39999999999998	-50.19999999999999	8.4	-48.599999999999994	-61.80000000000001	31.19999999999999	-37.400000000000006	-58.19999999999999	14.8	-29.399999999999977	-57.19999999999999	23.799999999999997	-24.0	
13.800000000000011	4.199999999999989	-12.799999999999997	11.0	10.400000000000006	-3.5999999999999996	17.799999999999955	12.0	0.2	18.399999999999977	9.0	26.19999999999999	17.80000000000001	8.799999999999997	13.0	24.80000000000001	7.400000000000006	14.400000000000006	13.800000000000011	3.4	4.799999999999997	20.80000000000001	6.199999999999989	1.8000000000000114	7.399999999999977	0.7999999999999972	-2.1999999999999886	11.199999999999989	1.2000000000000028	-9.800000000000011	

-11.399999999999977	1.8000000000000114	-6.399999999999999	-4.0	-1.7999999999999972	0.0	-7.2000000000000455	-0.1999999999999993	-1.6	-7.199999999999989	0.6000000000000014	-12.199999999999989	-8.399999999999977	0.0	-8.200000000000003	-10.0	1.8000000000000114	-11.599999999999994	-8.199999999999989	0.40000000000000036	-7.599999999999994	-9.600000000000023	0.8000000000000114	-11.0	-9.0	1.0	-6.800000000000011	-9.800000000000011	0.5999999999999943	-8.199999999999989	
-73.19999999999999	3.8000000000000114	-35.599999999999994	-29.0	-36.599999999999994	0.3999999999999999	-36.19999999999999	-24.0	-0.6	-34.60000000000002	6.399999999999999	-125.79999999999995	-54.60000000000002	-38.80000000000001	-80.6	-63.19999999999999	6.599999999999994	-112.0	-59.60000000000002	-27.2	-61.0	-79.39999999999998	10.0	-78.4	-70.39999999999998	-20.6	-36.60000000000002	-75.4	-7.0	-43.0	
-17.80000000000001	6.599999999999994	-21.799999999999997	-9.0	-1.0	-3.4000000000000004	-12.200000000000045	1.8000000000000007	-0.4	-10.600000000000023	6.200000000000003	-34.19999999999999	-16.19999999999999	-3.799999999999997	-29.799999999999997	-17.19999999999999	6.799999999999997	-34.0	-15.399999999999977	-1.5999999999999996	-28.799999999999997	-19.19999999999999	7.800000000000011	-26.599999999999994	-17.399999999999977	0.5999999999999996	-24.399999999999977	-19.19999999999999	1.7999999999999972	-24.400000000000006	
-30.399999999999977	5.599999999999994	-20.599999999999994	-17.19999999999999	-7.400000000000006	1.5999999999999996	-25.600000000000023	-5.0	-2.4	-27.399999999999977	5.0	-56.39999999999998	-30.600000000000023	-8.599999999999994	-43.599999999999994	-32.19999999999999	6.200000000000003	-47.19999999999999	-29.0	-6.199999999999999	-38.0	-34.80000000000001	5.199999999999989	-34.400000000000006	-31.80000000000001	-2.5999999999999996	-28.19999999999999	-31.399999999999977	1.7999999999999972	-26.80000000000001	
15.800000000000011	-1.0	-13.399999999999999	22.19999999999999	4.799999999999997	2.2	33.39999999999998	7.800000000000001	-0.6	35.19999999999999	2.799999999999997	33.60000000000002	30.19999999999999	1.0	14.0	37.80000000000001	1.4000000000000057	14.800000000000011	21.19999999999999	-2.5999999999999996	3.0	31.399999999999977	-0.19999999999998863	-4.800000000000011	14.199999999999989	-6.399999999999999	-4.400000000000006	13.199999999999989	-4.399999999999999	-14.199999999999989	

-7.800000000000011	1.8000000000000114	-5.0	-9.800000000000011	1.0	-2.4000000000000004	-11.399999999999977	3.6000000000000014	1.0	-13.0	2.200000000000003	-10.200000000000045	-9.399999999999977	5.400000000000006	-4.799999999999997	-10.199999999999989	3.0	-8.199999999999989	-5.199999999999989	4.800000000000001	-7.799999999999997	-6.399999999999977	2.5999999999999943	-10.0	-7.199999999999989	5.2	-7.199999999999989	-6.0	4.799999999999997	-9.400000000000006	
-40.80000000000001	4.199999999999989	3.0	-41.80000000000001	-11.200000000000003	-2.2	-58.80000000000001	-6.799999999999997	-0.4	-60.39999999999998	9.600000000000001	-62.0	-56.80000000000001	-13.0	-37.0	-64.0	9.800000000000011	-39.39999999999998	-47.39999999999998	-5.6	-17.599999999999994	-56.19999999999999	9.599999999999994	-14.800000000000011	-45.39999999999998	-1.2000000000000002	-7.400000000000006	-43.80000000000001	4.599999999999994	-3.0	
-12.800000000000011	5.400000000000006	-13.0	-10.399999999999977	-5.200000000000003	0.40000000000000036	-14.600000000000023	1.1999999999999993	1.4	-12.399999999999977	5.600000000000001	-29.399999999999977	-16.399999999999977	-3.5999999999999943	-25.599999999999994	-16.399999999999977	6.400000000000006	-26.399999999999977	-15.199999999999989	-2.4000000000000004	-20.400000000000006	-18.19999999999999	6.199999999999989	-20.0	-16.399999999999977	0.3999999999999999	-16.599999999999994	-15.399999999999977	1.7999999999999972	-18.799999999999997	
-10.199999999999989	8.599999999999994	-17.0	-13.600000000000023	4.0	-0.7999999999999998	-19.0	7.399999999999999	2.6	-18.19999999999999	11.399999999999999	-27.399999999999977	-15.600000000000023	5.799999999999997	-25.599999999999994	-16.80000000000001	8.800000000000011	-25.600000000000023	-13.600000000000023	7.4	-23.599999999999994	-14.199999999999989	10.800000000000011	-19.0	-13.600000000000023	7.2	-23.80000000000001	-14.199999999999989	9.599999999999994	-22.400000000000006	
-2.1999999999999886	4.0	-7.199999999999999	19.0	2.5999999999999943	-2.4000000000000004	24.80000000000001	3.1999999999999993	0.2	29.0	4.600000000000001	14.399999999999977	13.600000000000023	-3.0	4.0	21.399999999999977	4.199999999999989	-1.0	5.399999999999977	-6.6	1.2000000000000028	9.800000000000011	1.8000000000000114	-9.599999999999994	-1.6000000000000227	-7.6	1.5999999999999943	-2.1999999999999886	-3.799999999999997	-3.799999999999997	

-3.0	5.0	-2.799999999999997	5.199999999999989	2.0	0.20000000000000018	9.800000000000011	3.1999999999999993	2.4	8.600000000000023	5.200000000000003	-1.7999999999999545	2.1999999999999886	0.0	-2.8000000000000114	5.199999999999989	2.8000000000000114	-5.600000000000023	1.6000000000000227	2.0	-2.8000000000000114	1.3999999999999773	5.399999999999977	-4.400000000000006	-2.0	1.3999999999999986	0.8000000000000114	-2.1999999999999886	2.0	-1.1999999999999886	
-12.199999999999989	4.800000000000011	-15.399999999999999	-6.199999999999989	-5.200000000000003	-1.5999999999999996	-3.3999999999999773	3.1999999999999993	2.6	-3.8000000000000114	14.599999999999994	-32.39999999999998	-9.800000000000011	-6.0	-29.80000000000001	-10.199999999999989	12.800000000000011	-26.600000000000023	-13.600000000000023	-4.0	-26.400000000000006	-12.600000000000023	9.800000000000011	-20.80000000000001	-14.600000000000023	-4.6	-20.0	-14.0	0.20000000000000284	-17.80000000000001	
-10.400000000000006	5.800000000000011	-14.600000000000001	2.3999999999999773	-6.200000000000003	-0.5999999999999996	3.1999999999999886	4.200000000000003	2.4	6.0	12.599999999999994	-28.399999999999977	-4.399999999999977	-5.0	-27.0	-1.8000000000000114	11.599999999999994	-28.600000000000023	-8.399999999999977	-5.0	-24.80000000000001	-7.399999999999977	10.199999999999989	-24.400000000000006	-9.199999999999989	-5.0	-18.399999999999977	-9.800000000000011	1.7999999999999972	-20.0	
-18.80000000000001	10.0	-4.600000000000001	-29.19999999999999	-1.4000000000000057	0.7999999999999998	-39.60000000000002	7.200000000000003	0.6	-42.19999999999999	12.200000000000003	-28.200000000000045	-32.80000000000001	4.0	-24.599999999999994	-33.60000000000002	11.800000000000011	-19.0	-22.80000000000001	5.0	-17.19999999999999	-27.19999999999999	10.600000000000023	-9.0	-20.0	6.4	-15.800000000000011	-20.0	6.799999999999997	-12.400000000000006	
11.599999999999994	7.0	-17.200000000000003	42.19999999999999	12.200000000000003	-3.2	65.0	18.6	1.2	70.0	14.400000000000006	29.200000000000045	41.60000000000002	6.200000000000003	-2.8000000000000114	53.19999999999999	11.199999999999989	0.8000000000000114	23.0	0.40000000000000036	-11.800000000000011	30.600000000000023	10.800000000000011	-16.0	9.399999999999977	-2.4000000000000004	-12.600000000000023	12.399999999999977	3.0	-19.80000000000001	

-14.0	16.0	13.200000000000003	-17.19999999999999	-5.599999999999994	0.0	-29.600000000000023	9.799999999999997	0.6	-26.19999999999999	27.599999999999994	-28.0	-26.600000000000023	0.8000000000000114	-11.400000000000006	-25.80000000000001	21.400000000000006	-11.800000000000011	-21.19999999999999	3.6	0.4000000000000057	-21.399999999999977	19.0	3.0	-16.0	7.4	9.399999999999977	-15.0	10.599999999999994	9.599999999999994	
-25.599999999999994	7.0	-14.799999999999997	-30.399999999999977	-18.19999999999999	3.4	-41.0	0.0	0.6	-38.19999999999999	24.400000000000006	-60.0	-38.19999999999999	-13.199999999999989	-43.19999999999999	-37.19999999999999	17.80000000000001	-38.80000000000001	-31.399999999999977	-10.2	-28.80000000000001	-31.399999999999977	10.800000000000011	-21.400000000000006	-30.0	-6.0	-19.80000000000001	-26.80000000000001	-0.5999999999999943	-16.80000000000001	
-13.599999999999994	8.400000000000006	-12.799999999999997	-8.600000000000023	-5.800000000000011	1.2000000000000002	-14.399999999999977	3.4000000000000057	-1.0	-11.600000000000023	15.600000000000001	-35.200000000000045	-15.800000000000011	-5.199999999999989	-25.80000000000001	-15.599999999999994	12.0	-27.399999999999977	-15.199999999999989	-2.6	-21.400000000000006	-16.600000000000023	10.800000000000011	-21.19999999999999	-13.800000000000011	0.0	-15.800000000000011	-14.0	1.4000000000000057	-16.400000000000006	
-4.800000000000011	10.199999999999989	11.0	-30.399999999999977	7.800000000000011	3.5999999999999996	-43.19999999999999	20.0	-0.2	-39.599999999999994	24.6	-1.0	-30.19999999999999	11.0	-13.599999999999994	-25.0	20.19999999999999	6.800000000000011	-18.0	9.4	-4.400000000000006	-12.800000000000011	15.800000000000011	7.800000000000011	-12.399999999999977	7.0	-4.400000000000006	-9.800000000000011	10.599999999999994	1.5999999999999943	
-13.400000000000006	18.599999999999994	-14.2	14.399999999999977	9.199999999999989	2.4000000000000004	25.19999999999999	22.599999999999994	1.2	37.39999999999998	38.2	-16.600000000000023	2.3999999999999773	0.19999999999998863	-25.19999999999999	11.800000000000011	32.0	-30.0	-10.0	0.0	-19.599999999999994	-6.199999999999989	24.80000000000001	-23.400000000000006	-16.19999999999999	2.0	-8.400000000000006	-15.599999999999994	10.799999999999997	-15.599999999999994	

-3.1999999999999886	11.0	0.6000000000000014	-10.400000000000006	-1.5999999999999943	-2.0	-18.599999999999994	7.400000000000006	1.0	-16.400000000000006	13.599999999999994	-1.7999999999999545	-13.599999999999994	3.1999999999999886	-3.3999999999999773	-12.799999999999997	12.0	-0.20000000000004547	-9.199999999999989	5.2	0.0	-10.199999999999989	8.0	1.0	-7.199999999999989	4.800000000000001	2.6000000000000227	-8.400000000000006	5.200000000000003	3.5999999999999943	
-16.200000000000003	9.400000000000006	-10.399999999999999	-30.400000000000006	-5.400000000000006	-1.0	-43.0	11.0	0.8	-35.400000000000006	27.599999999999994	-28.200000000000045	-30.80000000000001	0.8000000000000114	-28.600000000000023	-27.200000000000003	19.0	-15.0	-22.80000000000001	1.2000000000000002	-18.400000000000006	-17.80000000000001	11.800000000000011	-11.800000000000011	-19.0	2.4000000000000004	-16.399999999999977	-16.400000000000006	5.200000000000003	-11.599999999999994	
-8.599999999999994	5.800000000000011	-14.8	-4.199999999999989	-0.19999999999998863	-3.5999999999999996	-7.400000000000006	8.0	-0.2	-0.5999999999999943	15.799999999999997	-22.59999999999991	-11.400000000000006	0.19999999999998863	-24.19999999999999	-4.400000000000006	12.199999999999989	-21.399999999999977	-11.0	-1.0	-21.0	-8.800000000000011	9.199999999999989	-18.400000000000006	-12.399999999999977	2.4000000000000004	-19.0	-11.0	3.4000000000000057	-16.0	
9.800000000000011	12.599999999999994	12.6	-28.599999999999994	31.80000000000001	0.5999999999999996	-36.80000000000001	42.400000000000006	-3.6	-26.200000000000003	29.0	65.79999999999995	-18.599999999999994	33.19999999999999	12.0	-1.2000000000000028	22.0	50.0	-5.800000000000011	25.6	6.400000000000006	8.599999999999994	17.399999999999977	26.80000000000001	-0.6000000000000227	20.4	0.0	4.599999999999994	17.0	8.599999999999994	
-14.199999999999989	22.19999999999999	-5.800000000000001	-2.8000000000000114	13.800000000000011	-3.0	15.400000000000006	38.2	-2.6	34.599999999999994	54.2	-5.7999999999999545	-12.400000000000006	7.199999999999989	-30.80000000000001	6.599999999999994	42.599999999999994	-23.399999999999977	-20.0	6.2	-18.599999999999994	-11.199999999999989	31.19999999999999	-17.400000000000006	-23.0	5.6	-5.800000000000011	-20.599999999999994	13.599999999999994	-8.200000000000003	

15.800000000000011	0.0	-9.400000000000006	10.800000000000011	2.200000000000003	5.0	16.399999999999977	1.1999999999999993	-2.0	17.0	2.8000000000000007	7.199999999999989	14.200000000000045	-1.4000000000000057	5.399999999999999	20.399999999999977	1.1999999999999993	1.5999999999999943	14.399999999999977	-3.8	0.7999999999999972	19.200000000000045	0.20000000000000284	-4.400000000000006	13.600000000000023	-5.399999999999999	-1.0	16.399999999999977	-4.399999999999999	-5.199999999999989	
9.600000000000023	-5.599999999999994	-21.599999999999994	3.3999999999999773	-6.600000000000001	2.0	7.7999999999999545	-3.1999999999999993	0.0	8.799999999999955	-0.5999999999999996	-7.199999999999989	8.399999999999977	-8.799999999999997	-14.8	12.600000000000023	-0.6000000000000014	-8.0	7.399999999999977	-8.6	-19.6	12.0	-1.4000000000000057	-17.19999999999999	5.0	-13.600000000000001	-20.80000000000001	9.0	-9.8	-22.599999999999994	
10.600000000000023	-9.200000000000003	-34.599999999999994	7.0	-5.399999999999999	-1.2000000000000002	13.0	-5.399999999999999	0.8	17.0	-3.3999999999999986	-11.199999999999989	8.600000000000023	-10.400000000000006	-15.0	18.0	-6.199999999999999	-19.0	9.0	-14.4	-22.0	15.600000000000023	-11.799999999999997	-30.0	5.399999999999977	-18.799999999999997	-27.19999999999999	7.600000000000023	-16.799999999999997	-33.0	
34.60000000000002	-24.2	-58.19999999999999	23.0	-6.799999999999997	-4.6	37.60000000000002	-10.2	1.0	43.60000000000002	-9.2	-0.19999999999998863	33.200000000000045	-16.200000000000003	-6.800000000000001	49.60000000000002	-16.8	-20.80000000000001	30.399999999999977	-23.4	-21.0	48.200000000000045	-20.599999999999994	-42.599999999999994	29.200000000000045	-32.8	-34.39999999999998	32.39999999999998	-32.4	-49.80000000000001	
19.600000000000023	11.799999999999997	35.400000000000006	1.3999999999999773	13.200000000000003	-4.4	-0.20000000000004547	17.4	0.8	-0.7999999999999545	16.0	41.599999999999994	6.0	16.799999999999997	34.8	9.0	13.2	44.8	10.199999999999989	12.8	39.6	16.0	11.799999999999997	43.0	12.199999999999989	13.0	36.19999999999999	16.19999999999999	10.8	35.0	

20.399999999999977	3.200000000000003	-1.0	7.0	10.399999999999999	-1.4000000000000004	13.0	9.600000000000001	0.19999999999999996	15.600000000000023	10.2	20.19999999999999	14.799999999999955	9.799999999999997	17.400000000000006	18.799999999999955	9.0	15.200000000000003	13.799999999999955	7.800000000000001	15.399999999999999	19.200000000000045	7.200000000000003	8.199999999999989	15.600000000000023	5.400000000000006	9.199999999999989	16.80000000000001	4.200000000000003	6.599999999999994	
11.600000000000023	-3.4000000000000057	-39.0	10.199999999999989	-4.399999999999999	-1.0	14.399999999999977	-1.1999999999999993	-0.6	14.399999999999977	2.8000000000000007	-10.599999999999994	13.0	-6.599999999999994	-19.0	18.399999999999977	0.1999999999999993	-17.400000000000006	11.200000000000045	-10.4	-28.6	19.399999999999977	-2.799999999999997	-27.19999999999999	8.799999999999955	-11.599999999999994	-33.599999999999994	11.600000000000023	-9.2	-36.19999999999999	
2.6000000000000227	-8.0	-32.8	4.199999999999989	-4.799999999999997	-2.4000000000000004	12.200000000000045	-5.399999999999999	-0.8	13.399999999999977	-3.8000000000000007	-12.0	7.399999999999977	-11.0	-16.4	16.0	-4.399999999999999	-21.400000000000006	3.6000000000000227	-12.2	-20.2	11.399999999999977	-6.400000000000006	-29.400000000000006	0.0	-15.0	-21.400000000000006	3.0	-12.200000000000003	-29.0	
-7.399999999999977	-25.6	-55.599999999999994	9.600000000000023	-15.799999999999997	-0.5999999999999996	18.0	-22.200000000000003	-1.2	22.799999999999955	-19.6	-32.0	8.399999999999977	-23.400000000000006	-18.6	20.0	-22.8	-46.80000000000001	2.7999999999999545	-26.4	-26.0	7.0	-27.0	-55.400000000000006	-5.399999999999977	-29.0	-25.0	-4.800000000000011	-31.0	-42.19999999999999	
16.399999999999977	1.3999999999999986	24.400000000000006	-2.1999999999999886	6.0	-2.4000000000000004	-1.3999999999999773	9.399999999999999	-1.2	0.6000000000000227	5.800000000000001	32.19999999999999	2.7999999999999545	10.799999999999997	24.599999999999994	6.600000000000023	5.399999999999999	33.4	6.399999999999977	6.4	26.6	12.600000000000023	2.5999999999999943	29.0	9.799999999999955	4.599999999999994	22.19999999999999	13.600000000000023	4.600000000000001	22.400000000000006	

9.399999999999977	-2.0	3.5999999999999943	7.0	2.0	0.20000000000000018	12.799999999999955	1.0	-0.6	14.200000000000045	1.0	12.800000000000011	9.600000000000023	1.0	13.799999999999997	14.399999999999977	1.5999999999999996	7.199999999999989	9.600000000000023	-1.1999999999999993	17.2	10.399999999999977	0.20000000000000284	5.0	8.800000000000011	0.6000000000000014	12.599999999999994	7.0	-2.799999999999997	10.0	
27.80000000000001	-18.200000000000003	-40.0	20.80000000000001	-4.399999999999999	3.0	35.200000000000045	-6.200000000000003	-1.0	38.39999999999998	-6.0	6.800000000000011	30.200000000000045	-11.599999999999994	-4.600000000000001	42.39999999999998	-11.2	-7.800000000000011	27.399999999999977	-18.6	-15.600000000000001	39.799999999999955	-16.400000000000006	-28.599999999999994	22.80000000000001	-25.400000000000006	-24.0	24.399999999999977	-23.0	-35.0	
-12.800000000000011	-18.0	-20.400000000000006	-3.1999999999999886	-13.599999999999994	0.20000000000000018	-4.0	-18.200000000000003	0.2	1.0	-17.6	-20.80000000000001	-7.800000000000011	-14.799999999999997	-12.2	-1.7999999999999545	-19.6	-26.80000000000001	-9.0	-17.4	-13.8	-7.7999999999999545	-21.400000000000006	-26.80000000000001	-13.199999999999989	-18.200000000000003	-13.0	-13.399999999999977	-19.0	-19.400000000000006	
-53.80000000000001	-25.799999999999997	-32.0	-16.80000000000001	-30.0	4.8	-19.799999999999955	-39.8	-0.4	-15.199999999999989	-34.8	-71.0	-31.399999999999977	-35.19999999999999	-31.2	-33.799999999999955	-35.4	-69.0	-34.80000000000001	-29.0	-21.4	-50.39999999999998	-33.0	-54.400000000000006	-43.80000000000001	-24.400000000000006	-13.0	-49.60000000000002	-27.6	-21.599999999999994	
23.80000000000001	3.0	14.0	6.199999999999989	9.399999999999999	3.8	6.600000000000023	16.200000000000003	0.4	10.200000000000045	14.200000000000003	40.39999999999998	11.600000000000023	12.799999999999997	27.200000000000003	19.0	10.6	37.0	14.399999999999977	7.8	26.6	25.600000000000023	7.200000000000003	29.0	15.800000000000011	5.600000000000001	22.0	18.80000000000001	3.1999999999999993	17.400000000000006	

2.0	2.799999999999997	8.599999999999994	6.0	0.0	-3.2	8.199999999999989	3.0	0.0	8.600000000000023	6.799999999999997	7.399999999999977	7.0	-1.0	13.0	8.399999999999977	5.0	7.800000000000011	4.0	0.3999999999999999	16.799999999999997	3.8000000000000114	4.0	8.400000000000006	3.0	0.1999999999999993	19.19999999999999	3.3999999999999773	2.0	16.400000000000006	
11.0	-41.8	-42.400000000000006	30.0	-22.599999999999994	-2.0	47.799999999999955	-36.0	3.6	54.799999999999955	-35.400000000000006	-7.199999999999989	36.19999999999999	-34.599999999999994	1.5999999999999996	49.0	-45.8	-28.19999999999999	27.80000000000001	-40.0	-11.0	32.39999999999998	-47.400000000000006	-44.400000000000006	22.0	-45.0	-15.199999999999989	19.19999999999999	-48.2	-31.80000000000001	
9.399999999999977	-38.8	7.599999999999994	1.6000000000000227	-12.0	-4.0	2.3999999999999773	-24.799999999999997	0.4	7.800000000000011	-35.8	25.0	6.399999999999977	-15.599999999999994	34.8	11.200000000000045	-40.4	19.400000000000006	11.600000000000023	-16.4	32.6	9.0	-39.0	13.599999999999994	10.600000000000023	-17.4	24.599999999999994	13.800000000000011	-28.2	17.799999999999997	
-37.60000000000002	-17.799999999999997	-5.0	-21.19999999999999	-16.0	1.0	-30.399999999999977	-28.200000000000003	0.6	-31.19999999999999	-28.400000000000006	-37.19999999999999	-32.60000000000002	-17.200000000000003	-6.6	-38.60000000000002	-27.4	-30.599999999999994	-29.600000000000023	-14.4	1.3999999999999986	-41.0	-23.0	-16.400000000000006	-30.19999999999999	-8.600000000000001	5.599999999999994	-33.60000000000002	-14.6	4.400000000000006	
18.0	-1.0	4.0	8.600000000000023	8.600000000000001	0.20000000000000018	11.399999999999977	12.0	-0.4	14.600000000000023	11.0	31.0	11.800000000000011	9.0	19.4	18.600000000000023	6.4	24.19999999999999	11.199999999999989	4.2	17.8	20.200000000000045	3.200000000000003	14.0	11.399999999999977	2.6000000000000014	12.599999999999994	12.399999999999977	1.2000000000000002	8.599999999999994	

-6.199999999999989	-1.7999999999999972	4.0	-3.3999999999999773	-2.799999999999997	-1.0	-4.0	-5.0	0.0	-3.6000000000000227	-3.6000000000000014	-2.6000000000000227	-5.199999999999989	-3.0	2.8000000000000007	-3.6000000000000227	-3.3999999999999986	0.4000000000000057	-4.800000000000011	-3.2	4.600000000000001	-6.0	-2.200000000000003	2.8000000000000114	-5.0	-2.6000000000000014	8.0	-6.199999999999989	-2.0	6.0	
-44.19999999999999	-27.599999999999994	-34.8	-10.600000000000023	-37.8	0.5999999999999996	-10.799999999999955	-50.8	0.8	-7.800000000000011	-46.400000000000006	-75.19999999999999	-19.399999999999977	-45.80000000000001	-25.2	-27.80000000000001	-47.4	-72.6	-23.0	-38.2	-22.4	-41.39999999999998	-39.400000000000006	-61.0	-30.600000000000023	-35.4	-13.0	-40.19999999999999	-35.2	-25.599999999999994	
-16.0	-8.0	-18.200000000000003	-7.0	-13.0	1.2000000000000002	-9.200000000000045	-15.200000000000003	-1.2	-8.199999999999989	-14.200000000000003	-29.0	-13.0	-12.799999999999997	-12.6	-13.800000000000011	-13.8	-27.0	-12.199999999999989	-10.0	-12.0	-16.399999999999977	-11.0	-21.400000000000006	-13.600000000000023	-8.0	-11.199999999999989	-14.600000000000023	-8.6	-14.0	
-20.0	-4.200000000000003	-15.399999999999999	-7.399999999999977	-10.599999999999994	-3.0	-11.600000000000023	-15.599999999999994	1.8	-11.0	-14.0	-34.19999999999999	-13.800000000000011	-12.599999999999994	-17.8	-19.600000000000023	-11.8	-31.599999999999994	-15.0	-8.2	-17.6	-21.0	-8.599999999999994	-24.80000000000001	-16.399999999999977	-7.0	-13.599999999999994	-19.19999999999999	-5.8	-15.799999999999997	
20.0	0.7999999999999972	-0.6000000000000014	14.800000000000011	9.400000000000006	0.40000000000000036	22.600000000000023	11.600000000000001	1.0	28.0	10.0	37.0	20.19999999999999	7.200000000000003	20.6	31.399999999999977	5.199999999999999	23.80000000000001	18.0	2.4	15.2	27.399999999999977	0.4000000000000057	7.800000000000011	14.600000000000023	-2.799999999999997	9.599999999999994	18.600000000000023	-1.5999999999999996	4.200000000000003	

-5.0	4.799999999999997	0.3999999999999999	-4.800000000000011	4.200000000000003	-2.2	-4.199999999999989	5.400000000000006	1.0	-3.8000000000000114	5.799999999999997	-1.1999999999999886	-4.0	4.799999999999997	1.4000000000000004	-4.800000000000011	7.199999999999999	-0.4000000000000057	-1.6000000000000227	4.6	2.4	-4.199999999999989	5.0	1.1999999999999886	-4.399999999999977	6.0	1.1999999999999886	-2.8000000000000114	6.199999999999999	2.3999999999999986	
-43.400000000000006	-3.0	-1.2000000000000002	-36.19999999999999	-23.799999999999997	0.5999999999999996	-52.80000000000001	-28.799999999999997	-0.6	-57.80000000000001	-17.400000000000006	-63.60000000000002	-48.60000000000002	-22.19999999999999	-24.2	-62.80000000000001	-13.4	-43.19999999999999	-41.80000000000001	-15.2	-11.0	-59.80000000000001	-6.799999999999997	-18.80000000000001	-41.0	-9.600000000000001	-2.0	-44.0	-8.2	-0.7999999999999972	
-16.399999999999977	-2.0	-15.600000000000001	-11.399999999999977	-4.200000000000003	-0.40000000000000036	-13.600000000000023	-8.0	0.8	-15.0	-4.400000000000006	-29.19999999999999	-12.800000000000011	-6.200000000000003	-17.8	-16.80000000000001	-2.4000000000000004	-26.80000000000001	-14.800000000000011	-3.4	-17.4	-16.399999999999977	-1.2000000000000028	-20.19999999999999	-14.399999999999977	-3.1999999999999993	-16.19999999999999	-17.0	-2.1999999999999993	-17.0	
-16.0	-0.5999999999999943	-21.4	-10.0	-5.400000000000006	-2.5999999999999996	-14.0	-8.400000000000006	-1.2	-14.199999999999989	-3.4000000000000057	-33.80000000000001	-14.0	-7.0	-26.4	-17.600000000000023	-4.4	-31.400000000000006	-12.800000000000011	-3.4000000000000004	-27.4	-16.19999999999999	-1.4000000000000057	-23.400000000000006	-15.600000000000023	-4.600000000000001	-23.19999999999999	-15.199999999999989	-2.6000000000000014	-23.200000000000003	
1.0	0.7999999999999972	-5.8	11.199999999999989	5.200000000000003	-1.5999999999999996	14.199999999999989	6.400000000000006	1.4	20.399999999999977	8.799999999999997	11.0	9.199999999999989	0.20000000000000284	6.800000000000001	17.19999999999999	4.4	-1.4000000000000057	4.600000000000023	-1.2000000000000002	4.0	8.399999999999977	2.5999999999999943	-7.800000000000011	0.8000000000000114	-2.1999999999999993	2.8000000000000114	0.19999999999998863	-2.0	-5.0	

-2.8000000000000114	1.4000000000000057	-7.0	6.399999999999977	1.4000000000000057	2.4000000000000004	7.0	0.19999999999998863	-0.6	10.0	1.5999999999999943	-3.0	4.399999999999977	-0.5999999999999943	-0.1999999999999993	5.199999999999989	1.2000000000000002	-7.600000000000023	0.39999999999997726	0.0	-0.6000000000000014	-0.6000000000000227	0.7999999999999972	-5.400000000000006	-0.39999999999997726	0.1999999999999993	0.19999999999998863	-1.3999999999999773	0.3999999999999986	-2.0	
-9.599999999999994	-3.5999999999999943	-19.0	1.1999999999999886	-7.199999999999989	5.4	2.6000000000000227	-9.800000000000011	0.4	4.199999999999989	-4.0	-27.600000000000023	-4.399999999999977	-10.0	-17.799999999999997	-3.0	-5.4	-29.19999999999999	-6.399999999999977	-10.6	-18.799999999999997	-9.600000000000023	-6.200000000000003	-23.400000000000006	-11.600000000000023	-9.2	-15.599999999999994	-8.600000000000023	-7.199999999999999	-17.0	
-8.399999999999977	2.4000000000000057	-21.4	6.800000000000011	-2.5999999999999943	-1.0	4.800000000000011	-2.4000000000000057	-1.2	5.399999999999977	2.200000000000003	-26.600000000000023	-1.8000000000000114	-4.0	-19.2	-2.0	1.5999999999999996	-27.19999999999999	-6.0	-1.7999999999999998	-21.200000000000003	-6.600000000000023	2.4000000000000057	-25.19999999999999	-6.800000000000011	-2.3999999999999986	-17.19999999999999	-8.199999999999989	-1.3999999999999986	-20.799999999999997	
-15.199999999999989	5.200000000000003	-4.0	-13.600000000000023	-7.400000000000006	0.0	-22.80000000000001	-4.800000000000011	0.4	-27.399999999999977	-3.200000000000003	-28.0	-16.0	-1.4000000000000057	-12.8	-24.80000000000001	-0.40000000000000036	-18.19999999999999	-15.399999999999977	1.4000000000000004	-10.2	-22.399999999999977	4.599999999999994	-10.599999999999994	-15.399999999999977	5.199999999999999	-9.0	-13.0	5.0	-7.200000000000003	
14.0	3.799999999999997	-18.2	28.19999999999999	13.799999999999997	-1.2000000000000002	47.799999999999955	19.599999999999994	-2.4	55.80000000000001	18.799999999999997	20.399999999999977	28.80000000000001	6.199999999999989	2.0	46.60000000000002	9.0	-4.400000000000006	17.600000000000023	-1.4000000000000004	-6.199999999999999	28.399999999999977	4.400000000000006	-20.400000000000006	12.800000000000011	-1.3999999999999986	-6.0	12.600000000000023	-1.0	-13.200000000000003	

0.19999999999998863	1.7999999999999972	15.799999999999997	6.399999999999977	-5.599999999999994	1.7999999999999998	7.0	-7.400000000000006	0.4	6.0	-2.4000000000000057	-2.2000000000000455	4.0	-6.800000000000011	14.799999999999997	0.8000000000000114	-2.200000000000003	4.800000000000011	4.0	-3.8000000000000007	20.0	-0.6000000000000227	-0.5999999999999943	10.800000000000011	4.399999999999977	-0.8000000000000007	25.0	4.0	-1.1999999999999993	21.599999999999994	
-18.80000000000001	-5.799999999999997	-13.0	-9.0	-24.599999999999994	0.20000000000000018	-17.399999999999977	-26.19999999999999	0.8	-21.399999999999977	-14.400000000000006	-54.0	-15.0	-24.80000000000001	-26.200000000000003	-25.19999999999999	-12.0	-42.0	-15.800000000000011	-18.6	-19.6	-25.19999999999999	-9.200000000000003	-27.400000000000006	-17.600000000000023	-17.200000000000003	-15.199999999999989	-19.399999999999977	-12.6	-14.799999999999997	
-14.199999999999989	-2.5999999999999943	-17.6	-2.8000000000000114	-6.199999999999989	2.8	-5.800000000000011	-12.199999999999989	1.2	-8.0	-7.599999999999994	-33.799999999999955	-7.0	-10.0	-18.4	-14.199999999999989	-5.0	-30.0	-9.399999999999977	-8.0	-15.399999999999999	-14.399999999999977	-4.0	-20.19999999999999	-11.199999999999989	-3.8000000000000007	-13.599999999999994	-11.199999999999989	-6.0	-13.400000000000006	
-12.199999999999989	6.400000000000006	-2.1999999999999993	-17.0	-7.199999999999989	1.5999999999999996	-29.600000000000023	-2.5999999999999943	-2.8	-34.19999999999999	0.0	-22.600000000000023	-19.399999999999977	0.8000000000000114	-16.799999999999997	-27.80000000000001	3.799999999999997	-12.399999999999977	-15.199999999999989	2.1999999999999993	-13.0	-18.399999999999977	4.599999999999994	-8.0	-14.199999999999989	4.600000000000001	-12.400000000000006	-13.199999999999989	4.4	-9.799999999999997	
-3.8000000000000114	-1.0	-18.8	17.600000000000023	3.4000000000000057	-0.7999999999999998	36.39999999999998	6.400000000000006	-0.2	48.19999999999999	10.599999999999994	-7.7999999999999545	16.19999999999999	-2.5999999999999943	-3.3999999999999986	26.80000000000001	2.200000000000003	-24.399999999999977	6.0	-5.600000000000001	-5.399999999999999	7.0	-1.4000000000000057	-25.400000000000006	0.0	-6.200000000000003	-2.8000000000000114	-2.0	-4.0	-12.200000000000003	

-1.4000000000000057	2.200000000000003	6.399999999999999	2.6000000000000227	-4.400000000000006	-0.20000000000000018	1.1999999999999886	0.0	-0.4	2.0	2.5999999999999943	1.6000000000000227	-0.19999999999998863	-2.0	3.799999999999997	-1.1999999999999886	1.5999999999999943	1.8000000000000114	0.39999999999997726	-2.200000000000003	7.799999999999997	0.0	1.2000000000000028	6.199999999999989	0.8000000000000114	-0.20000000000000284	9.400000000000006	-0.39999999999997726	-0.20000000000000018	9.200000000000003	
-20.400000000000006	-2.0	-14.399999999999999	-14.600000000000023	-16.599999999999994	-2.2	-22.80000000000001	-22.600000000000023	-0.8	-32.19999999999999	-11.800000000000011	-54.799999999999955	-19.80000000000001	-19.80000000000001	-23.599999999999994	-29.599999999999994	-6.0	-37.80000000000001	-16.600000000000023	-13.799999999999997	-19.0	-27.600000000000023	-5.400000000000006	-23.80000000000001	-18.0	-9.200000000000003	-15.400000000000006	-21.0	-9.2	-13.400000000000006	
-11.0	1.4000000000000057	-14.8	-6.0	-3.1999999999999886	0.6000000000000001	-6.399999999999977	-8.0	-0.4	-6.800000000000011	-1.4000000000000057	-29.200000000000045	-9.0	-8.199999999999989	-16.799999999999997	-12.0	-1.2000000000000028	-25.80000000000001	-8.199999999999989	-5.0	-16.6	-12.0	0.4000000000000057	-19.80000000000001	-9.800000000000011	-3.799999999999997	-15.0	-9.800000000000011	-3.4	-14.599999999999994	
-6.0	2.5999999999999943	1.5999999999999996	-16.399999999999977	0.4000000000000057	1.5999999999999996	-23.80000000000001	7.399999999999977	0.8	-24.19999999999999	7.199999999999989	3.0	-17.19999999999999	2.1999999999999886	-5.0	-15.0	7.200000000000003	2.6000000000000227	-10.800000000000011	1.3999999999999986	-5.399999999999999	-9.399999999999977	4.400000000000006	2.0	-8.800000000000011	1.2000000000000028	-5.199999999999989	-9.199999999999989	2.4	-2.0	
-9.400000000000006	1.7999999999999972	-18.2	14.600000000000023	-2.0	0.40000000000000036	27.399999999999977	2.0	1.0	39.39999999999998	5.800000000000011	-23.600000000000023	6.0	-6.199999999999989	-10.799999999999997	12.800000000000011	1.5999999999999943	-34.60000000000002	-1.6000000000000227	-5.799999999999997	-9.799999999999997	-5.0	-0.20000000000000284	-30.19999999999999	-7.800000000000011	-5.200000000000003	-5.599999999999994	-11.0	-2.5999999999999996	-11.200000000000003	

