4 9
41.19999999999999	-4.800000000000011	27.399999999999977	-44.2	71.8	-3.2	-35.80000000000001	65.19999999999999	-2.4	-15.599999999999994	39.19999999999999	19.19999999999999	-42.80000000000001	71.4	23.0	-8.0	28.600000000000023	32.60000000000002	-9.199999999999989	51.599999999999994	50.80000000000001	7.399999999999999	17.80000000000001	35.799999999999955	12.600000000000023	40.6	43.599999999999994	18.19999999999999	24.599999999999994	40.39999999999998	
-30.599999999999994	14.800000000000011	5.399999999999977	-3.4000000000000057	6.200000000000003	2.0	-12.199999999999989	7.399999999999977	0.2	-19.80000000000001	7.199999999999989	11.0	-13.599999999999994	13.599999999999994	-8.799999999999997	-22.599999999999994	13.199999999999989	4.600000000000023	-25.600000000000023	14.400000000000006	-17.200000000000003	-27.8	15.800000000000011	0.0	-37.60000000000002	14.8	-15.800000000000011	-33.60000000000002	16.599999999999994	-8.199999999999989	
-17.599999999999994	35.400000000000006	17.0	-5.400000000000006	83.4	1.4000000000000004	-9.400000000000006	69.80000000000001	0.6	-13.199999999999989	37.60000000000002	39.39999999999998	-26.19999999999999	95.0	-19.400000000000006	-12.200000000000003	39.39999999999998	33.80000000000001	-32.60000000000002	72.0	-12.0	-13.8	38.39999999999998	23.200000000000045	-41.19999999999999	58.8	-8.400000000000006	-25.399999999999977	47.599999999999994	11.199999999999989	
16.19999999999999	33.39999999999998	22.0	32.80000000000001	108.0	4.4	35.19999999999999	83.80000000000001	0.0	26.0	33.39999999999998	62.0	5.799999999999997	123.0	-29.0	25.599999999999994	37.19999999999999	48.799999999999955	-8.800000000000011	89.4	-21.799999999999997	22.4	37.60000000000002	33.200000000000045	-15.600000000000023	71.0	-11.599999999999994	4.600000000000023	53.80000000000001	14.0	
18.400000000000006	-8.199999999999989	-7.2000000000000455	19.599999999999994	-7.799999999999997	0.5999999999999996	23.0	-8.600000000000023	-0.2	22.80000000000001	-8.600000000000023	-8.400000000000006	22.0	-13.399999999999999	-14.0	19.200000000000003	-9.399999999999977	-7.0	19.400000000000006	-13.0	-16.599999999999994	20.6	-9.600000000000023	-6.600000000000023	18.0	-11.799999999999997	-7.599999999999994	18.19999999999999	-10.400000000000006	-6.800000000000011	

17.0	8.599999999999994	22.200000000000045	-12.800000000000011	62.2	0.20000000000000018	-7.199999999999989	51.19999999999999	2.6	2.8000000000000114	26.19999999999999	13.399999999999977	-24.0	63.0	2.8000000000000007	2.4000000000000057	20.19999999999999	23.799999999999955	-12.400000000000006	41.599999999999994	23.599999999999994	10.0	9.800000000000011	29.0	8.800000000000011	32.4	32.19999999999999	14.400000000000006	16.599999999999994	32.60000000000002	
-53.599999999999994	18.400000000000006	33.60000000000002	-65.80000000000001	51.2	-1.0	-77.4	60.0	1.0	-70.0	44.400000000000006	9.600000000000023	-97.0	57.599999999999994	-26.4	-69.4	37.60000000000002	18.600000000000023	-88.0	39.0	-2.0	-68.0	28.19999999999999	26.200000000000045	-89.19999999999999	31.6	18.599999999999994	-72.19999999999999	27.19999999999999	29.399999999999977	
-12.599999999999994	23.0	12.0	1.8000000000000114	45.2	0.4	-5.800000000000011	38.0	-0.4	-10.400000000000006	19.19999999999999	23.19999999999999	-9.799999999999997	59.8	-7.8	-10.0	22.0	20.600000000000023	-18.599999999999994	46.599999999999994	-11.800000000000011	-10.0	22.600000000000023	14.600000000000023	-26.0	43.2	-5.0	-14.800000000000011	28.80000000000001	5.600000000000023	
4.0	29.19999999999999	10.600000000000023	23.80000000000001	86.80000000000001	-2.2	22.600000000000023	83.39999999999998	-2.4	17.599999999999994	44.0	13.199999999999989	-10.600000000000001	105.80000000000001	-73.0	11.400000000000006	47.0	14.399999999999977	-28.80000000000001	79.80000000000001	-49.8	5.400000000000006	37.60000000000002	13.200000000000045	-31.19999999999999	59.0	-21.799999999999997	-8.199999999999989	46.400000000000006	3.8000000000000114	
34.2	-9.800000000000011	-27.0	46.39999999999998	-34.0	0.7999999999999998	55.80000000000001	-31.0	1.4	47.39999999999998	-20.400000000000006	-22.80000000000001	57.0	-38.0	-21.2	45.80000000000001	-16.600000000000023	-26.0	44.8	-27.200000000000003	-31.799999999999997	38.80000000000001	-13.800000000000011	-26.799999999999955	40.400000000000006	-26.200000000000003	-27.799999999999997	37.19999999999999	-18.0	-29.80000000000001	

15.400000000000006	-0.5999999999999943	26.0	-9.0	38.6	0.3999999999999999	-5.600000000000023	38.599999999999994	0.0	-1.1999999999999886	21.400000000000006	5.399999999999977	-22.200000000000003	45.4	-6.599999999999994	0.0	15.0	16.600000000000023	-13.400000000000006	34.599999999999994	17.80000000000001	5.200000000000003	4.800000000000011	25.399999999999977	-0.6000000000000227	22.6	35.2	7.599999999999994	8.199999999999989	34.39999999999998	
-42.0	27.400000000000006	12.0	-11.199999999999989	38.2	-1.6	-22.19999999999999	48.599999999999994	-0.19999999999999996	-28.599999999999994	36.19999999999999	0.39999999999997726	-37.2	53.8	-66.4	-35.599999999999994	38.39999999999998	-0.7999999999999545	-55.0	42.19999999999999	-61.2	-44.400000000000006	35.80000000000001	2.7999999999999545	-77.60000000000002	37.4	-31.799999999999997	-57.80000000000001	38.400000000000006	-6.199999999999989	
0.5999999999999943	20.400000000000006	-22.799999999999955	31.399999999999977	-15.2	5.6	27.0	-26.599999999999994	0.4	17.19999999999999	-23.599999999999994	26.0	53.599999999999994	-8.799999999999997	34.2	25.0	-13.400000000000006	11.600000000000023	45.8	3.0	-0.7999999999999972	24.0	-2.6000000000000227	-5.399999999999977	35.19999999999999	11.0	-28.4	25.80000000000001	8.400000000000006	-23.399999999999977	
-1.1999999999999886	21.19999999999999	-21.200000000000045	45.39999999999998	14.600000000000001	0.3999999999999999	45.80000000000001	28.0	-0.4	34.80000000000001	22.599999999999994	-25.399999999999977	22.599999999999994	22.799999999999997	-87.2	22.400000000000006	27.19999999999999	-29.200000000000045	-4.599999999999994	17.80000000000001	-83.6	11.200000000000003	25.600000000000023	-26.799999999999955	-18.80000000000001	9.8	-54.6	-6.400000000000006	20.80000000000001	-36.80000000000001	
18.0	-21.0	-16.600000000000023	15.0	-31.200000000000003	-0.3999999999999999	22.19999999999999	-27.19999999999999	0.0	26.599999999999994	-13.0	-30.19999999999999	13.599999999999994	-45.0	-15.799999999999997	20.599999999999994	-19.400000000000006	-29.0	18.4	-45.4	-6.800000000000011	16.400000000000006	-19.0	-23.799999999999955	24.0	-42.2	-2.799999999999997	16.599999999999994	-32.8	-15.600000000000023	

14.400000000000006	17.600000000000023	-7.7999999999999545	40.0	16.799999999999997	-1.2000000000000002	44.80000000000001	34.599999999999994	-0.8	38.19999999999999	29.599999999999994	-24.399999999999977	22.399999999999977	26.4	-77.6	27.80000000000001	31.400000000000006	-24.0	-0.6000000000000014	25.599999999999994	-65.2	18.80000000000001	25.600000000000023	-19.0	-9.800000000000011	15.8	-33.0	2.1999999999999886	20.19999999999999	-19.0	
-1.0	25.80000000000001	-41.0	33.39999999999998	-19.799999999999997	1.6	31.600000000000023	-19.200000000000003	0.0	17.399999999999977	-14.200000000000003	17.80000000000001	58.80000000000001	-16.799999999999997	-12.199999999999989	24.80000000000001	1.1999999999999886	-4.399999999999977	36.2	-5.200000000000003	-64.0	15.599999999999994	16.80000000000001	-27.0	9.0	2.8000000000000007	-86.2	2.5999999999999943	22.19999999999999	-65.60000000000002	
5.0	14.0	16.799999999999955	3.6000000000000227	29.6	2.2	-6.399999999999977	25.799999999999997	0.8	-7.599999999999994	14.599999999999994	14.199999999999989	-0.8000000000000114	41.4	7.0	-4.599999999999994	14.199999999999989	18.799999999999955	0.20000000000000284	42.400000000000006	9.0	-1.4000000000000057	14.199999999999989	19.399999999999977	-1.8000000000000114	41.6	7.399999999999999	3.0	25.0	19.399999999999977	
-2.0	14.199999999999989	-10.600000000000023	19.19999999999999	11.600000000000001	-1.7999999999999998	21.0	24.200000000000003	-2.0	16.19999999999999	22.0	-22.19999999999999	5.599999999999994	18.799999999999997	-60.80000000000001	5.800000000000011	22.400000000000006	-22.399999999999977	-13.0	11.200000000000003	-53.0	1.0	19.600000000000023	-18.200000000000045	-23.0	10.6	-29.4	-12.400000000000006	15.199999999999989	-18.19999999999999	
4.200000000000003	-19.400000000000006	-26.799999999999955	13.800000000000011	-34.599999999999994	-1.0	24.399999999999977	-27.4	1.2	24.400000000000006	-13.400000000000006	-36.60000000000002	10.0	-53.400000000000006	-32.80000000000001	15.800000000000011	-15.0	-38.0	5.799999999999997	-51.6	-32.400000000000006	9.0	-16.0	-34.60000000000002	4.0	-52.6	-20.6	1.8000000000000114	-34.400000000000006	-32.0	

36.8	18.80000000000001	2.0	44.0	14.400000000000006	1.0	46.19999999999999	17.200000000000003	-1.0	38.19999999999999	8.399999999999999	15.800000000000011	54.0	30.400000000000006	-13.199999999999989	40.39999999999998	15.400000000000006	13.399999999999977	35.80000000000001	35.4	-24.599999999999994	37.599999999999994	18.600000000000023	6.7999999999999545	31.6	33.8	-25.799999999999997	35.8	28.0	-8.800000000000011	
-1.3999999999999986	17.600000000000023	-10.200000000000045	17.600000000000023	2.200000000000003	-0.7999999999999998	16.600000000000023	10.600000000000001	1.0	10.399999999999977	10.600000000000001	-2.3999999999999773	21.19999999999999	11.799999999999997	-27.599999999999994	9.600000000000023	14.199999999999989	-6.7999999999999545	11.199999999999989	12.399999999999999	-38.599999999999994	6.599999999999994	19.0	-12.600000000000023	-3.4000000000000057	16.2	-40.2	-2.0	19.80000000000001	-23.600000000000023	
-13.599999999999994	19.0	21.600000000000023	-14.600000000000023	35.2	-0.6000000000000001	-22.19999999999999	32.599999999999994	-0.4	-23.80000000000001	23.400000000000006	15.0	-21.0	48.0	3.5999999999999943	-23.19999999999999	21.599999999999994	20.200000000000045	-20.0	47.400000000000006	6.599999999999994	-18.80000000000001	22.399999999999977	22.0	-22.599999999999994	47.8	9.200000000000003	-18.599999999999994	33.80000000000001	22.399999999999977	
11.799999999999997	5.0	-26.200000000000045	28.399999999999977	-9.0	-2.8	35.39999999999998	-1.1999999999999993	-0.4	28.399999999999977	4.0	-21.399999999999977	30.399999999999977	-7.0	-38.400000000000006	26.80000000000001	8.0	-27.0	18.19999999999999	-6.600000000000001	-49.599999999999994	20.599999999999994	9.199999999999989	-28.799999999999955	7.0	-10.0	-39.0	8.0	2.5999999999999943	-35.39999999999998	
21.200000000000003	-7.800000000000011	-7.0	20.0	-5.599999999999994	0.6000000000000001	25.399999999999977	-10.0	-0.2	24.600000000000023	-9.399999999999999	-1.0	27.19999999999999	-9.799999999999997	1.1999999999999886	26.19999999999999	-9.0	-1.0	29.19999999999999	-11.0	1.0	27.0	-8.600000000000023	-3.6000000000000227	30.799999999999997	-8.399999999999999	-3.4000000000000057	27.400000000000006	-7.800000000000011	-6.199999999999989	

13.2	5.600000000000023	10.399999999999977	7.0	7.400000000000006	1.4	8.199999999999989	11.4	1.8	7.199999999999989	6.800000000000001	7.600000000000023	11.199999999999989	16.400000000000006	0.6000000000000227	9.199999999999989	7.800000000000011	9.799999999999955	8.0	19.8	2.1999999999999886	8.399999999999977	6.800000000000011	9.399999999999977	11.200000000000003	20.200000000000003	-0.4000000000000057	10.0	14.199999999999989	8.800000000000011	
13.2	14.600000000000023	-3.7999999999999545	8.600000000000023	3.5999999999999943	0.7999999999999998	8.800000000000011	3.3999999999999986	0.4	5.0	3.6000000000000014	13.199999999999989	18.80000000000001	7.800000000000011	7.0	10.600000000000023	4.800000000000011	11.600000000000023	24.399999999999977	9.6	-7.199999999999989	12.800000000000011	9.600000000000023	2.6000000000000227	19.400000000000006	13.799999999999997	-18.19999999999999	16.6	17.0	-9.599999999999994	
14.8	17.600000000000023	19.799999999999955	7.399999999999977	17.799999999999997	-1.4	1.1999999999999886	17.6	-1.2	-2.8000000000000114	10.600000000000001	23.399999999999977	12.399999999999977	31.799999999999997	16.399999999999977	2.6000000000000227	11.800000000000011	23.200000000000045	15.0	35.8	6.0	7.800000000000011	13.800000000000011	22.200000000000045	17.6	39.4	1.5999999999999943	15.2	27.80000000000001	14.800000000000011	
33.6	2.1999999999999886	-23.19999999999999	23.80000000000001	-14.599999999999994	1.7999999999999998	34.80000000000001	-12.600000000000001	2.0	33.0	-7.4	4.399999999999977	40.80000000000001	-18.0	9.0	36.0	-5.400000000000006	-2.0	39.60000000000002	-18.0	-7.0	37.39999999999998	-1.8000000000000114	-11.600000000000023	43.599999999999994	-18.400000000000006	-19.19999999999999	40.2	-8.0	-27.0	
19.0	-4.199999999999989	-1.0	17.0	-4.199999999999989	0.0	21.399999999999977	-7.0	-0.6	22.600000000000023	-4.800000000000001	-9.800000000000011	17.80000000000001	-9.0	-8.600000000000023	18.80000000000001	-5.599999999999994	-9.200000000000045	16.0	-9.2	-5.599999999999994	17.80000000000001	-7.199999999999989	-7.2000000000000455	16.200000000000003	-11.399999999999999	-2.8000000000000114	15.8	-10.0	-6.199999999999989	

24.200000000000003	-7.199999999999989	-4.399999999999977	17.399999999999977	-2.8000000000000114	1.2000000000000002	25.19999999999999	-3.799999999999997	0.0	24.399999999999977	-4.8	-6.399999999999977	22.399999999999977	-6.0	-6.600000000000023	24.80000000000001	-3.8000000000000114	-4.7999999999999545	21.600000000000023	-3.1999999999999993	-4.800000000000011	25.600000000000023	-6.399999999999977	-4.600000000000023	23.80000000000001	-9.200000000000003	1.1999999999999886	24.400000000000006	-7.800000000000011	-3.1999999999999886	
-3.0	10.600000000000023	-0.6000000000000227	-16.399999999999977	1.5999999999999943	1.4000000000000004	-14.600000000000023	-1.6000000000000014	1.4	-15.199999999999989	-2.2	14.399999999999977	-4.0	0.4000000000000057	20.0	-9.800000000000011	-0.4000000000000057	11.399999999999977	4.0	2.8000000000000007	10.0	-1.3999999999999773	4.600000000000023	9.0	12.800000000000011	5.399999999999999	-3.8000000000000114	6.799999999999997	9.800000000000011	-2.1999999999999886	
-3.1999999999999993	4.800000000000011	21.799999999999955	-13.600000000000023	10.800000000000011	-0.6000000000000001	-18.399999999999977	10.8	-0.4	-17.19999999999999	6.0	17.200000000000045	-12.399999999999977	16.80000000000001	24.0	-14.399999999999977	5.599999999999994	19.200000000000045	-5.600000000000023	18.4	31.19999999999999	-7.199999999999989	4.399999999999977	21.799999999999955	3.4000000000000057	23.4	23.599999999999994	2.4000000000000057	12.199999999999989	26.599999999999994	
8.399999999999999	-10.399999999999977	0.19999999999998863	-6.199999999999989	-4.199999999999989	0.6000000000000001	-1.1999999999999886	-2.6000000000000014	-0.4	1.0	-1.4	5.0	-6.800000000000011	-4.800000000000011	17.399999999999977	3.3999999999999773	-4.400000000000006	4.2000000000000455	-2.6000000000000227	-14.2	22.19999999999999	6.600000000000023	-7.800000000000011	3.2000000000000455	6.599999999999994	-14.599999999999994	30.19999999999999	9.200000000000003	-15.199999999999989	14.400000000000006	
-7.199999999999999	5.0	55.60000000000002	5.800000000000011	24.599999999999994	1.2000000000000002	-6.600000000000023	22.2	1.8	-13.199999999999989	6.4	20.200000000000045	5.199999999999989	46.0	0.8000000000000114	-13.199999999999989	8.199999999999989	31.200000000000045	-2.1999999999999886	58.4	8.400000000000006	-12.600000000000023	7.199999999999989	45.60000000000002	-2.1999999999999886	71.0	10.599999999999994	-6.0	39.80000000000001	50.0	

-2.6000000000000014	-13.399999999999977	19.200000000000045	8.199999999999989	12.200000000000003	-3.6	10.399999999999977	14.399999999999999	1.2	9.400000000000006	10.2	-4.399999999999977	-1.8000000000000114	16.0	-10.600000000000023	2.6000000000000227	8.199999999999989	-1.3999999999999773	-13.800000000000011	20.799999999999997	-3.0	-3.6000000000000227	-0.19999999999998863	7.2000000000000455	-28.19999999999999	18.2	26.19999999999999	-16.599999999999994	-1.4000000000000057	28.599999999999994	
-14.8	-11.199999999999989	28.200000000000045	-24.19999999999999	10.799999999999997	0.0	-31.399999999999977	9.8	0.0	-28.0	5.800000000000001	12.799999999999955	-35.80000000000001	17.0	19.399999999999977	-29.0	2.1999999999999886	14.399999999999977	-33.39999999999998	17.6	32.0	-26.600000000000023	-5.800000000000011	23.0	-27.0	16.6	50.400000000000006	-20.799999999999997	-2.8000000000000114	45.599999999999994	
6.800000000000001	-12.399999999999977	28.600000000000023	-4.600000000000023	17.0	0.20000000000000018	-5.800000000000011	11.0	-1.4	-3.1999999999999886	6.0	8.799999999999955	-13.199999999999989	18.400000000000006	18.399999999999977	-5.199999999999989	1.8000000000000114	14.600000000000023	-13.800000000000011	16.6	35.80000000000001	-2.0	-5.399999999999977	21.399999999999977	-4.400000000000006	16.4	56.0	0.0	-8.199999999999989	47.80000000000001	
28.0	-9.199999999999989	-14.799999999999955	8.800000000000011	-9.200000000000003	-1.0	13.0	-10.8	-2.2	14.800000000000011	-7.4	-1.2000000000000455	9.0	-19.80000000000001	8.600000000000023	18.600000000000023	-10.0	-3.7999999999999545	11.0	-25.2	16.0	24.0	-9.600000000000023	-11.200000000000045	25.0	-40.0	11.599999999999994	27.799999999999997	-26.0	-12.0	
-20.6	-4.800000000000011	88.60000000000002	-12.600000000000023	30.400000000000006	-1.0	-30.80000000000001	22.8	0.2	-36.599999999999994	2.5999999999999996	38.799999999999955	-13.800000000000011	61.599999999999994	27.0	-38.60000000000002	2.0	52.60000000000002	-12.0	82.6	31.399999999999977	-32.599999999999994	0.39999999999997726	72.0	-7.800000000000011	112.4	39.19999999999999	-18.0	52.0	92.0	

3.4000000000000004	-14.800000000000011	8.399999999999977	11.800000000000011	3.4000000000000057	4.4	14.399999999999977	0.8000000000000007	-0.6	14.400000000000006	-0.8000000000000007	-5.600000000000023	7.600000000000023	1.0	-8.199999999999989	9.399999999999977	-1.4000000000000057	-2.7999999999999545	-6.199999999999989	2.0	-1.0	4.800000000000011	-5.600000000000023	0.7999999999999545	-15.800000000000011	-1.1999999999999993	22.0	-8.799999999999997	-14.600000000000023	17.799999999999997	
-3.3999999999999986	-3.8000000000000114	6.800000000000011	-20.80000000000001	4.200000000000003	2.6	-20.600000000000023	1.6000000000000014	-0.6	-14.0	0.40000000000000036	7.2000000000000455	-20.600000000000023	1.8000000000000114	18.399999999999977	-12.399999999999977	-3.1999999999999886	9.0	-12.800000000000011	-0.3999999999999986	30.80000000000001	-8.399999999999977	-3.1999999999999886	11.0	-1.6000000000000227	-6.0	33.60000000000002	1.4000000000000057	-8.800000000000011	20.400000000000006	
-7.0	-23.80000000000001	33.60000000000002	-5.399999999999977	18.200000000000003	0.0	-4.600000000000023	18.4	-0.2	-0.19999999999998863	13.0	-1.0	-21.0	23.599999999999994	3.8000000000000114	-10.600000000000023	6.0	7.0	-37.19999999999999	20.6	29.0	-13.0	-7.0	18.399999999999977	-47.599999999999994	20.0	70.19999999999999	-30.200000000000003	-13.800000000000011	58.400000000000006	
59.400000000000006	-32.39999999999998	-3.1999999999999886	2.6000000000000227	-11.199999999999989	3.0	14.0	-15.799999999999997	0.6	20.80000000000001	-11.8	8.399999999999977	4.399999999999977	-18.599999999999994	37.60000000000002	28.80000000000001	-21.0	10.600000000000023	15.600000000000023	-31.4	56.19999999999999	41.39999999999998	-28.600000000000023	7.2000000000000455	48.60000000000002	-47.4	71.80000000000001	57.599999999999994	-52.80000000000001	29.799999999999997	
-37.2	-25.399999999999977	113.20000000000005	-7.399999999999977	34.599999999999994	3.6	-28.399999999999977	24.4	-0.6	-33.599999999999994	2.4000000000000004	29.799999999999955	-21.399999999999977	65.4	17.80000000000001	-41.80000000000001	0.0	47.39999999999998	-31.600000000000023	90.8	43.80000000000001	-46.80000000000001	-9.0	77.60000000000002	-29.19999999999999	127.4	66.19999999999999	-42.8	45.80000000000001	124.80000000000001	

3.0	5.599999999999994	9.0	-24.599999999999994	26.0	-2.0	-17.400000000000006	39.400000000000006	-0.6	-6.199999999999989	29.19999999999999	-5.0	-32.599999999999994	25.599999999999994	-19.19999999999999	-8.200000000000003	18.80000000000001	2.8000000000000114	-12.800000000000011	16.8	3.0	-3.5999999999999996	11.600000000000023	8.200000000000045	-4.600000000000023	10.199999999999989	11.0	-2.3999999999999773	9.200000000000003	12.600000000000023	
-14.800000000000011	12.599999999999994	5.7999999999999545	-3.8000000000000114	25.200000000000003	-1.2000000000000002	-10.199999999999989	26.600000000000023	-0.4	-9.199999999999989	16.80000000000001	14.0	-16.0	30.200000000000003	-18.400000000000006	-11.200000000000003	16.399999999999977	9.199999999999989	-23.600000000000023	23.2	-17.200000000000003	-13.4	17.19999999999999	5.7999999999999545	-26.600000000000023	17.80000000000001	-5.799999999999997	-16.600000000000023	19.200000000000003	1.0	
-8.0	23.400000000000006	8.200000000000045	-7.400000000000006	43.4	1.5999999999999996	-5.0	50.39999999999998	0.4	-4.599999999999994	33.39999999999998	6.0	-25.0	49.4	-34.19999999999999	-8.0	32.19999999999999	8.600000000000023	-28.19999999999999	36.6	-17.400000000000006	-8.4	26.19999999999999	8.0	-22.0	30.200000000000003	-5.0	-14.0	29.400000000000006	3.6000000000000227	
7.599999999999994	26.599999999999994	-9.399999999999977	58.19999999999999	45.2	0.40000000000000036	67.60000000000002	50.80000000000001	1.0	51.60000000000002	25.399999999999977	13.800000000000011	23.599999999999994	54.0	-80.19999999999999	35.0	35.19999999999999	-1.1999999999999886	-5.400000000000006	37.4	-64.0	17.799999999999997	31.80000000000001	-10.399999999999977	-14.199999999999989	29.799999999999997	-42.8	-1.3999999999999773	31.400000000000006	-24.19999999999999	
34.0	-14.0	-12.600000000000023	71.80000000000001	-28.0	-1.2000000000000002	79.19999999999999	-46.0	0.8	61.0	-40.599999999999994	22.80000000000001	81.0	-30.0	20.80000000000001	53.599999999999994	-29.19999999999999	1.1999999999999886	55.599999999999994	-16.200000000000003	-6.599999999999994	42.0	-20.0	-11.399999999999977	42.39999999999998	-14.199999999999989	-16.400000000000006	34.0	-16.6	-18.399999999999977	

-1.2000000000000028	-0.4000000000000057	8.600000000000023	-24.599999999999994	15.200000000000003	2.4	-25.19999999999999	25.19999999999999	-1.2	-12.399999999999977	20.400000000000006	-11.199999999999989	-32.6	13.200000000000003	-10.200000000000003	-15.400000000000006	11.399999999999977	1.1999999999999886	-21.599999999999994	14.600000000000001	12.599999999999994	-6.799999999999997	5.0	9.0	-6.199999999999989	5.0	18.599999999999994	-2.1999999999999886	1.6000000000000014	17.19999999999999	
-18.799999999999997	8.199999999999989	9.200000000000045	-30.400000000000006	27.0	2.2	-31.600000000000023	46.19999999999999	-1.2	-20.399999999999977	37.400000000000006	-18.400000000000006	-52.6	27.0	-47.599999999999994	-25.599999999999994	28.80000000000001	-7.800000000000011	-45.0	16.4	-16.599999999999994	-25.599999999999994	18.0	5.0	-35.599999999999994	8.599999999999994	5.799999999999997	-27.0	11.399999999999999	9.600000000000023	
19.799999999999997	16.80000000000001	-0.20000000000004547	24.0	30.0	0.7999999999999998	27.80000000000001	28.0	0.2	23.80000000000001	15.199999999999989	10.0	19.599999999999994	36.2	-20.400000000000006	23.599999999999994	17.19999999999999	6.0	13.200000000000003	29.4	-17.200000000000003	22.19999999999999	15.600000000000023	1.6000000000000227	13.0	23.0	-12.799999999999997	16.80000000000001	20.0	-5.199999999999989	
-3.0	49.0	-11.600000000000023	56.80000000000001	56.8	-1.6	56.19999999999999	69.6	0.6	39.19999999999999	43.19999999999999	13.199999999999989	23.400000000000006	75.0	-91.4	27.599999999999994	53.80000000000001	0.0	-13.200000000000003	62.6	-85.2	12.0	53.80000000000001	-10.399999999999977	-29.80000000000001	52.599999999999994	-55.4	-13.0	55.0	-28.399999999999977	
-4.799999999999997	-22.599999999999994	-2.7999999999999545	-15.199999999999989	-36.0	0.0	-16.399999999999977	-36.19999999999999	1.4	-11.199999999999989	-21.19999999999999	-20.0	-9.399999999999999	-42.19999999999999	17.799999999999997	-11.599999999999994	-21.599999999999994	-15.0	-1.4000000000000057	-34.400000000000006	15.599999999999994	-9.400000000000006	-22.80000000000001	-9.0	3.0	-28.400000000000006	9.599999999999994	-4.0	-28.0	0.8000000000000114	

-9.599999999999994	26.0	52.0	-50.19999999999999	67.2	-1.6	-53.0	91.6	-1.0	-41.80000000000001	72.19999999999999	-10.0	-82.4	78.19999999999999	-44.0	-45.400000000000006	56.400000000000006	17.19999999999999	-60.8	58.400000000000006	14.0	-32.400000000000006	37.19999999999999	43.0	-38.80000000000001	51.80000000000001	44.2	-25.400000000000006	38.2	56.0	
-46.400000000000006	40.80000000000001	7.2000000000000455	-10.199999999999989	38.19999999999999	-3.8	-11.199999999999989	74.4	0.6	-14.800000000000011	69.6	-26.400000000000006	-49.80000000000001	48.599999999999994	-110.6	-32.599999999999994	68.19999999999999	-24.19999999999999	-70.6	39.599999999999994	-81.0	-43.19999999999999	57.80000000000001	-9.600000000000023	-80.19999999999999	32.400000000000006	-35.2	-60.599999999999994	44.6	-13.600000000000023	
7.600000000000001	28.0	13.799999999999955	10.0	42.80000000000001	-4.2	8.0	45.2	0.8	2.8000000000000114	26.0	31.80000000000001	6.199999999999989	57.19999999999999	-13.600000000000001	5.800000000000011	29.599999999999994	27.80000000000001	-6.0	50.6	-16.200000000000003	5.0	30.19999999999999	22.0	-8.0	44.80000000000001	-12.2	0.20000000000000284	40.2	7.600000000000023	
22.0	20.19999999999999	-12.399999999999977	38.39999999999998	11.400000000000006	-1.4	42.60000000000002	15.600000000000001	1.2	33.80000000000001	11.599999999999994	8.0	39.0	19.19999999999999	-13.8	32.60000000000002	16.19999999999999	1.6000000000000227	26.6	17.200000000000003	-19.4	26.80000000000001	18.600000000000023	-5.7999999999999545	22.400000000000006	19.19999999999999	-21.0	21.200000000000003	19.0	-16.600000000000023	
11.399999999999999	-12.0	-3.3999999999999773	3.1999999999999886	-5.0	-4.0	6.199999999999989	-12.799999999999997	3.0	8.199999999999989	-12.200000000000003	-7.800000000000011	9.599999999999994	-10.800000000000011	4.6	10.0	-13.199999999999989	-5.600000000000023	12.0	-9.599999999999994	4.200000000000003	11.400000000000006	-12.599999999999994	-4.2000000000000455	15.799999999999997	-10.599999999999994	1.3999999999999986	14.0	-11.0	-2.1999999999999886	

4.200000000000003	24.400000000000006	3.6000000000000227	13.199999999999989	30.599999999999994	-1.2000000000000002	14.600000000000023	48.400000000000006	0.0	13.600000000000023	43.0	-19.400000000000006	-6.0	39.0	-59.2	4.0	42.0	-10.199999999999989	-19.799999999999997	35.6	-37.2	-0.8000000000000114	33.0	-1.7999999999999545	-17.599999999999994	30.80000000000001	-12.799999999999997	-6.200000000000003	30.599999999999994	-1.1999999999999886	
31.8	26.80000000000001	-48.19999999999999	76.60000000000002	-13.0	1.4	84.60000000000002	-13.0	-1.0	67.39999999999998	-12.400000000000006	31.0	102.39999999999998	-9.199999999999989	-15.799999999999997	68.80000000000001	5.800000000000011	0.6000000000000227	70.19999999999999	-4.799999999999997	-74.2	56.39999999999998	19.80000000000001	-35.39999999999998	39.2	-0.4000000000000057	-93.8	36.0	20.400000000000006	-77.0	
23.6	20.80000000000001	25.0	7.399999999999977	38.80000000000001	1.2000000000000002	2.8000000000000114	33.8	1.4	2.8000000000000114	17.400000000000006	43.0	15.0	54.80000000000001	25.200000000000003	10.399999999999977	18.0	44.0	17.599999999999994	52.4	20.400000000000006	19.0	19.0	36.60000000000002	21.799999999999997	48.80000000000001	13.0	23.799999999999997	35.6	25.399999999999977	
-10.399999999999999	22.80000000000001	-19.19999999999999	19.399999999999977	3.4000000000000057	0.20000000000000018	22.0	24.4	0.8	17.19999999999999	31.200000000000003	-37.0	3.3999999999999773	9.400000000000006	-75.2	5.600000000000023	33.19999999999999	-36.39999999999998	-15.799999999999997	5.599999999999994	-62.6	-5.599999999999994	29.80000000000001	-31.200000000000045	-26.799999999999997	6.800000000000011	-40.4	-20.400000000000006	18.0	-28.599999999999994	
-9.200000000000003	-9.400000000000006	-0.8000000000000114	-8.199999999999989	-10.0	0.6000000000000001	-8.199999999999989	-1.0	-0.4	-4.199999999999989	2.5999999999999943	-27.80000000000001	-18.399999999999977	-11.0	-25.599999999999994	-10.0	-2.1999999999999886	-23.0	-21.400000000000006	-12.400000000000006	-4.799999999999997	-11.800000000000011	-5.800000000000011	-11.200000000000045	-14.599999999999994	-14.0	5.0	-10.0	-13.8	1.6000000000000227	

11.4	30.19999999999999	-18.19999999999999	35.0	11.0	-3.2	36.799999999999955	31.8	-0.4	30.0	30.0	-6.800000000000011	28.600000000000023	21.19999999999999	-46.2	24.80000000000001	34.0	-14.600000000000023	15.0	18.599999999999994	-48.6	16.399999999999977	34.80000000000001	-17.200000000000045	1.2000000000000028	21.599999999999994	-41.599999999999994	4.200000000000003	29.200000000000003	-28.19999999999999	
-19.799999999999997	10.400000000000006	-3.1999999999999886	-4.399999999999977	5.400000000000006	3.0	-6.399999999999977	10.0	2.0	-12.600000000000023	11.200000000000003	-4.800000000000011	-12.199999999999989	5.400000000000006	-20.400000000000006	-14.0	14.0	-7.600000000000023	-18.80000000000001	3.200000000000003	-18.799999999999997	-18.600000000000023	13.600000000000023	-8.0	-26.200000000000003	3.4000000000000057	-14.599999999999994	-27.400000000000006	10.399999999999999	-8.400000000000006	
-6.399999999999999	17.80000000000001	18.399999999999977	-0.19999999999998863	24.80000000000001	-0.8	-3.1999999999999886	36.2	0.2	-5.800000000000011	29.4	-7.199999999999989	-8.199999999999989	28.80000000000001	-29.400000000000006	-5.600000000000023	27.599999999999994	-3.0	-14.0	28.0	-20.400000000000006	-6.400000000000006	21.0	5.600000000000023	-15.200000000000003	27.0	-0.20000000000000284	-10.0	24.6	8.0	
-5.399999999999999	18.0	-8.0	8.0	6.0	0.0	9.0	15.600000000000001	-0.8	5.600000000000023	16.0	-5.800000000000011	4.0	10.800000000000011	-25.200000000000003	3.3999999999999773	18.599999999999994	-9.199999999999989	-4.0	8.400000000000006	-30.6	-2.3999999999999773	20.399999999999977	-8.399999999999977	-12.799999999999997	10.599999999999994	-22.599999999999994	-8.799999999999997	16.799999999999997	-15.199999999999989	
-5.399999999999999	3.0	2.1999999999999886	2.1999999999999886	2.0	2.4	-0.19999999999998863	4.399999999999999	-1.2	-2.0	3.6000000000000014	-4.600000000000023	-2.8000000000000114	4.800000000000011	-14.0	-3.6000000000000227	5.400000000000006	-3.3999999999999773	-4.400000000000006	3.1999999999999886	-11.399999999999999	-4.600000000000023	4.0	-2.3999999999999773	-8.799999999999997	4.199999999999989	-6.200000000000003	-6.200000000000003	2.3999999999999986	-1.8000000000000114	

32.8	27.19999999999999	-7.600000000000023	36.39999999999998	12.199999999999989	-0.19999999999999996	41.799999999999955	20.0	-0.8	35.39999999999998	17.2	2.8000000000000114	45.60000000000002	20.80000000000001	-20.80000000000001	36.60000000000002	22.799999999999997	0.19999999999998863	34.39999999999998	22.80000000000001	-32.2	34.39999999999998	25.599999999999994	-6.399999999999977	31.599999999999994	23.400000000000006	-32.400000000000006	32.8	27.4	-22.200000000000003	
6.0	5.0	-15.199999999999989	6.399999999999977	-6.400000000000006	-1.6	9.200000000000045	-5.200000000000003	-0.4	7.600000000000023	-3.0	3.6000000000000227	14.0	-8.399999999999977	-1.0	10.600000000000023	-0.5999999999999943	-3.1999999999999886	13.0	-9.0	-7.799999999999997	9.399999999999977	2.8000000000000114	-11.600000000000023	8.0	-8.600000000000023	-19.80000000000001	7.400000000000006	-2.0	-20.4	
9.599999999999994	22.80000000000001	17.80000000000001	14.600000000000023	24.400000000000006	-4.2	10.0	29.0	-2.2	7.0	22.2	14.199999999999989	11.0	34.19999999999999	-8.199999999999989	6.399999999999977	22.599999999999994	17.600000000000023	8.199999999999989	38.19999999999999	-7.200000000000003	8.800000000000011	23.599999999999994	19.600000000000023	9.400000000000006	42.0	-3.5999999999999943	12.799999999999997	33.6	11.599999999999994	
25.200000000000003	13.0	-12.0	18.0	2.8000000000000114	0.2	25.399999999999977	3.200000000000003	0.8	23.19999999999999	6.399999999999999	9.399999999999977	29.600000000000023	2.3999999999999773	9.800000000000011	29.200000000000045	5.400000000000006	4.800000000000011	31.19999999999999	0.19999999999998863	-6.399999999999999	29.19999999999999	8.800000000000011	-5.0	31.400000000000006	4.800000000000011	-12.0	28.400000000000006	8.0	-15.400000000000006	
-20.0	15.400000000000006	16.399999999999977	-0.8000000000000114	13.0	0.6	-7.600000000000023	18.0	-0.2	-13.0	14.8	-1.1999999999999886	-9.600000000000023	20.399999999999977	-27.19999999999999	-16.399999999999977	18.200000000000003	2.6000000000000227	-18.600000000000023	25.19999999999999	-24.6	-16.80000000000001	17.19999999999999	6.2000000000000455	-26.400000000000006	23.400000000000006	-15.199999999999989	-22.6	22.8	3.5999999999999943	

9.0	20.599999999999994	10.800000000000011	15.199999999999989	12.199999999999989	-2.4	14.200000000000045	23.799999999999997	0.6	11.600000000000023	21.6	0.0	13.600000000000023	20.399999999999977	-19.399999999999977	6.399999999999977	23.400000000000006	1.0	2.6000000000000227	23.0	-19.0	3.8000000000000114	22.600000000000023	2.6000000000000227	1.0	27.19999999999999	-7.800000000000011	2.5999999999999943	25.6	3.4	
12.799999999999997	12.199999999999989	-4.0	5.0	3.1999999999999886	2.0	8.0	2.5999999999999943	0.2	6.0	2.0	8.0	14.399999999999977	2.0	3.0	10.0	3.799999999999997	6.199999999999989	16.399999999999977	2.4000000000000057	-6.200000000000003	13.800000000000011	7.0	-0.6000000000000227	16.400000000000006	3.1999999999999886	-17.400000000000006	14.599999999999994	9.0	-14.0	
16.19999999999999	8.599999999999994	15.0	5.0	16.0	-0.6	3.6000000000000227	12.800000000000011	-0.4	3.8000000000000114	10.799999999999997	12.0	7.600000000000023	17.399999999999977	7.0	5.7999999999999545	8.599999999999994	15.0	9.199999999999989	21.19999999999999	10.0	7.800000000000011	10.800000000000011	17.0	16.400000000000006	20.80000000000001	6.800000000000011	14.599999999999994	17.6	15.4	
35.400000000000006	-8.800000000000011	2.1999999999999886	10.399999999999977	-0.4000000000000057	1.0	12.200000000000045	-2.4000000000000057	-1.8	13.0	-9.0	16.80000000000001	18.799999999999955	1.6000000000000227	27.80000000000001	21.600000000000023	-10.200000000000003	15.600000000000023	24.600000000000023	-2.1999999999999886	27.799999999999997	29.80000000000001	-11.199999999999989	13.0	43.80000000000001	-4.0	19.19999999999999	41.19999999999999	-9.6	13.4	
-5.200000000000003	24.19999999999999	-5.600000000000023	19.0	5.0	0.19999999999999996	18.200000000000045	12.599999999999994	-1.0	9.800000000000011	10.799999999999997	-10.800000000000011	19.600000000000023	9.199999999999989	-37.599999999999994	7.7999999999999545	18.599999999999994	-11.199999999999989	10.0	13.0	-49.0	2.3999999999999773	22.399999999999977	-10.399999999999977	-7.400000000000006	15.399999999999977	-48.80000000000001	-9.200000000000003	25.8	-27.4	

6.400000000000006	1.8000000000000114	6.599999999999994	6.600000000000023	5.599999999999994	-3.4	8.0	8.0	1.2	6.600000000000023	9.600000000000001	-5.800000000000011	3.3999999999999773	8.199999999999989	-10.600000000000023	4.600000000000023	10.0	-4.0	-3.6000000000000227	12.199999999999989	-8.0	3.3999999999999773	5.800000000000011	1.0	1.3999999999999773	13.399999999999977	7.0	1.8000000000000114	5.799999999999997	9.800000000000011	
17.0	9.199999999999989	-1.8000000000000114	-4.399999999999977	4.199999999999989	1.4	-4.399999999999977	0.4000000000000057	2.0	-5.399999999999977	-0.7999999999999972	12.800000000000011	4.7999999999999545	0.8000000000000114	13.800000000000011	1.2000000000000455	-1.4000000000000057	13.399999999999977	18.399999999999977	-0.19999999999998863	6.399999999999999	9.600000000000023	1.8000000000000114	9.600000000000023	24.0	-1.3999999999999773	-9.399999999999977	22.400000000000006	5.399999999999999	-11.599999999999994	
15.199999999999989	7.800000000000011	25.80000000000001	-3.6000000000000227	13.800000000000011	-1.8	-3.7999999999999545	15.0	1.6	-4.199999999999989	8.399999999999999	18.600000000000023	2.3999999999999773	21.600000000000023	17.600000000000023	-1.7999999999999545	7.200000000000003	22.80000000000001	11.399999999999977	27.19999999999999	20.799999999999997	7.800000000000011	6.800000000000011	26.799999999999955	22.0	28.0	14.600000000000023	20.80000000000001	19.0	27.200000000000003	
46.599999999999994	-18.19999999999999	14.199999999999989	5.399999999999977	3.0	2.0	6.0	-6.400000000000006	-0.8	10.800000000000011	-10.0	14.800000000000011	8.399999999999977	1.6000000000000227	38.19999999999999	19.200000000000045	-15.0	20.19999999999999	22.600000000000023	-7.0	45.599999999999994	31.600000000000023	-19.19999999999999	19.399999999999977	50.39999999999998	-4.199999999999989	45.60000000000002	50.599999999999994	-18.6	30.799999999999997	
16.80000000000001	22.80000000000001	6.800000000000011	25.19999999999999	5.599999999999994	-0.6	26.600000000000023	9.400000000000006	-2.2	17.19999999999999	5.800000000000001	-1.3999999999999773	34.200000000000045	10.600000000000023	-25.19999999999999	18.200000000000045	12.800000000000011	2.6000000000000227	32.19999999999999	12.599999999999994	-44.6	18.19999999999999	17.600000000000023	2.3999999999999773	22.19999999999999	24.19999999999999	-51.0	17.599999999999994	32.599999999999994	-21.400000000000006	

-44.400000000000006	-29.0	10.0	-7.800000000000011	-0.4000000000000057	-1.0	-8.799999999999955	0.20000000000000284	1.4	-3.6000000000000227	1.6000000000000014	-19.80000000000001	-28.399999999999977	-1.0	-15.399999999999977	-16.600000000000023	-3.0	-20.19999999999999	-45.799999999999955	-2.0	3.6000000000000014	-36.39999999999998	-11.199999999999989	-12.600000000000023	-75.19999999999999	2.8000000000000114	43.200000000000045	-68.19999999999999	-19.400000000000006	32.19999999999999	
-13.800000000000011	7.800000000000011	28.4	-4.0	10.199999999999989	0.8	-8.600000000000023	7.0	1.4	-8.800000000000011	3.6000000000000014	7.0	-3.3999999999999773	12.800000000000011	6.199999999999989	-8.200000000000045	3.0	12.600000000000023	0.0	14.800000000000011	5.600000000000001	-9.399999999999977	7.399999999999977	14.399999999999977	5.800000000000011	21.80000000000001	2.0	3.1999999999999886	18.799999999999997	14.199999999999989	
-39.0	-24.399999999999977	67.8	-32.19999999999999	14.199999999999989	-2.0	-42.60000000000002	15.400000000000006	-2.0	-39.39999999999998	8.600000000000001	16.399999999999977	-49.200000000000045	27.80000000000001	21.600000000000023	-48.200000000000045	2.5999999999999943	25.19999999999999	-54.39999999999998	31.19999999999999	49.8	-51.60000000000002	-7.600000000000023	44.60000000000002	-53.0	46.19999999999999	75.80000000000001	-49.400000000000006	7.0	89.60000000000002	
54.0	-71.60000000000002	11.0	-10.399999999999977	-10.0	-2.6	-5.399999999999977	-26.80000000000001	-0.2	7.2000000000000455	-28.400000000000006	5.399999999999977	-16.799999999999955	-20.80000000000001	44.60000000000002	12.799999999999955	-42.2	11.0	-7.7999999999999545	-27.80000000000001	76.6	27.399999999999977	-59.39999999999998	14.0	26.399999999999977	-39.19999999999999	107.0	41.19999999999999	-80.2	66.60000000000002	
8.599999999999994	25.600000000000023	69.8	13.399999999999977	18.80000000000001	1.4	3.0	24.200000000000003	1.0	-4.0	12.399999999999999	15.600000000000023	20.600000000000023	36.0	-9.800000000000011	-7.2000000000000455	18.599999999999994	27.19999999999999	23.600000000000023	48.400000000000006	-20.200000000000003	-5.600000000000023	23.19999999999999	45.60000000000002	29.600000000000023	71.80000000000001	-29.399999999999977	12.199999999999989	67.2	32.39999999999998	

2.1999999999999886	17.799999999999997	21.200000000000045	-29.0	28.19999999999999	-0.3999999999999999	-32.19999999999999	52.0	1.8	-19.80000000000001	44.80000000000001	-15.200000000000003	-41.8	34.39999999999998	-29.200000000000003	-21.4	33.80000000000001	4.400000000000006	-28.400000000000006	25.0	1.4000000000000057	-10.400000000000006	24.0	16.799999999999955	-12.0	24.399999999999977	11.800000000000011	-4.600000000000023	21.200000000000003	18.19999999999999	
-12.0	8.599999999999994	4.600000000000023	-16.400000000000006	14.199999999999989	1.0	-18.400000000000006	29.4	0.0	-13.800000000000011	24.599999999999994	-4.399999999999999	-26.200000000000003	16.0	-30.400000000000006	-15.4	20.19999999999999	0.0	-25.19999999999999	12.800000000000011	-12.400000000000006	-14.799999999999997	14.400000000000006	2.3999999999999773	-24.0	8.199999999999989	-5.400000000000006	-16.80000000000001	10.799999999999997	0.8000000000000114	
-22.0	16.799999999999997	-8.200000000000045	2.8000000000000114	5.0	-0.6	-1.5999999999999943	18.0	-1.8	-4.800000000000011	16.400000000000006	3.1999999999999993	-12.200000000000003	15.0	-19.200000000000003	-8.8	18.400000000000006	-1.8000000000000114	-18.0	14.599999999999994	-22.0	-12.799999999999997	19.0	-4.2000000000000455	-22.600000000000023	10.199999999999989	-11.599999999999994	-18.600000000000023	16.4	-7.0	
-15.399999999999977	25.80000000000001	0.0	-3.5999999999999943	23.400000000000006	-2.6	-0.8000000000000114	62.8	-1.0	-1.1999999999999886	53.80000000000001	-19.4	-35.2	33.80000000000001	-86.80000000000001	-14.2	50.599999999999994	-14.0	-40.0	23.0	-52.0	-12.400000000000006	34.80000000000001	-4.0	-32.0	20.80000000000001	-25.799999999999997	-22.19999999999999	30.2	-12.199999999999989	
7.0	-16.0	-3.0	3.5999999999999943	-17.80000000000001	-0.8	2.5999999999999943	-23.0	0.0	2.0	-15.800000000000011	-15.399999999999999	5.799999999999997	-23.399999999999977	10.600000000000001	2.4000000000000004	-16.80000000000001	-8.599999999999994	8.800000000000011	-19.0	9.0	4.799999999999997	-18.19999999999999	-4.0	13.399999999999977	-15.0	7.199999999999989	9.399999999999977	-16.0	2.0	

-9.199999999999989	24.200000000000003	17.399999999999977	-20.80000000000001	27.19999999999999	-1.0	-20.399999999999977	46.0	2.0	-17.0	46.0	-14.0	-35.400000000000006	30.600000000000023	-33.2	-21.0	38.80000000000001	-1.8000000000000114	-29.599999999999994	31.19999999999999	-9.200000000000003	-18.4	31.0	12.799999999999955	-20.599999999999994	28.600000000000023	8.0	-14.599999999999994	28.599999999999994	15.0	
-37.599999999999994	22.599999999999994	0.39999999999997726	-19.80000000000001	11.800000000000011	-2.6	-21.600000000000023	35.8	-1.0	-19.80000000000001	42.0	-31.0	-43.599999999999994	10.600000000000023	-59.4	-32.80000000000001	38.400000000000006	-27.0	-48.400000000000006	5.800000000000011	-37.599999999999994	-39.4	33.400000000000006	-11.0	-53.0	8.0	-15.0	-46.400000000000006	19.200000000000003	-11.199999999999989	
-24.599999999999994	20.0	-0.8000000000000114	-4.0	11.800000000000011	-2.2	-8.199999999999989	19.599999999999994	-1.8	-12.399999999999977	14.599999999999994	25.6	-11.799999999999997	18.600000000000023	-11.6	-13.199999999999989	19.400000000000006	9.400000000000006	-23.599999999999994	14.400000000000006	-19.0	-20.200000000000003	21.19999999999999	1.6000000000000227	-35.599999999999994	13.800000000000011	-15.799999999999997	-29.400000000000006	17.0	-8.199999999999989	
-11.599999999999994	13.799999999999997	-26.80000000000001	28.19999999999999	-14.199999999999989	-4.0	32.0	9.0	0.2	27.19999999999999	20.0	-34.6	8.599999999999994	-11.600000000000023	-68.4	10.0	23.400000000000006	-40.599999999999994	-12.200000000000003	-12.0	-64.4	-4.0	19.80000000000001	-37.60000000000002	-21.0	-8.0	-39.2	-15.0	3.799999999999997	-37.0	
-5.400000000000006	-13.799999999999997	-1.3999999999999773	-7.0	-16.80000000000001	3.0	-9.800000000000011	-18.0	-0.8	-4.800000000000011	-10.200000000000003	-21.4	-11.0	-18.399999999999977	0.40000000000000036	-10.199999999999989	-12.799999999999997	-14.0	-7.200000000000003	-16.600000000000023	6.800000000000011	-8.200000000000003	-11.800000000000011	-6.600000000000023	-1.1999999999999886	-14.600000000000023	6.799999999999997	-3.1999999999999886	-15.400000000000006	3.0	

-40.400000000000006	38.19999999999999	43.19999999999999	-38.80000000000001	44.19999999999999	3.2	-47.39999999999998	80.6	2.2	-43.80000000000001	78.8	-35.8	-79.2	55.19999999999999	-82.2	-61.0	70.4	-9.0	-79.6	48.19999999999999	-28.799999999999997	-59.2	54.0	23.399999999999977	-70.4	48.39999999999998	12.799999999999997	-57.19999999999999	47.4	33.19999999999999	
-44.0	41.599999999999994	-0.6000000000000227	-2.0	21.80000000000001	-2.6	-8.199999999999989	58.6	-1.6	-12.600000000000023	65.0	-44.2	-39.599999999999994	28.0	-101.2	-30.400000000000006	65.80000000000001	-37.19999999999999	-60.6	26.400000000000006	-79.8	-43.400000000000006	57.80000000000001	-20.799999999999955	-71.19999999999999	25.399999999999977	-36.0	-60.599999999999994	38.8	-20.400000000000006	
-3.8000000000000114	28.599999999999994	7.199999999999989	0.39999999999997726	30.80000000000001	2.8	-1.1999999999999886	34.8	-0.4	-7.199999999999989	25.6	25.400000000000006	0.19999999999998863	39.19999999999999	-12.200000000000003	-3.5999999999999943	27.0	22.19999999999999	-9.2	35.19999999999999	-21.799999999999997	-4.800000000000011	31.0	15.0	-17.400000000000006	32.80000000000001	-20.8	-9.400000000000006	33.4	-1.8000000000000114	
-6.599999999999994	16.599999999999994	-22.19999999999999	20.600000000000023	-3.0	-0.6000000000000001	24.80000000000001	13.0	-2.2	21.600000000000023	21.6	-31.400000000000006	9.0	-4.800000000000011	-52.2	8.400000000000006	25.0	-34.400000000000006	-4.199999999999999	-3.6000000000000227	-48.599999999999994	-2.4000000000000057	20.80000000000001	-31.600000000000023	-13.0	-3.8000000000000114	-31.4	-13.199999999999989	9.200000000000003	-31.19999999999999	
-8.199999999999989	-22.599999999999994	-5.399999999999977	-10.199999999999989	-22.19999999999999	0.19999999999999996	-8.199999999999989	-28.0	0.6	-3.1999999999999886	-21.6	-20.799999999999997	-9.599999999999994	-29.399999999999977	5.200000000000003	-9.0	-22.200000000000003	-18.19999999999999	-3.8000000000000007	-30.0	7.400000000000006	-8.400000000000006	-22.80000000000001	-11.799999999999955	-3.5999999999999943	-24.80000000000001	9.0	-4.599999999999994	-26.599999999999994	-0.4000000000000057	

-22.200000000000003	44.400000000000006	-35.0	31.600000000000023	3.0	1.6	35.60000000000002	33.2	-0.8	26.0	45.8	-41.400000000000006	14.199999999999989	4.800000000000011	-96.2	10.199999999999989	54.2	-51.80000000000001	-16.200000000000003	6.800000000000011	-101.0	-12.0	53.400000000000006	-50.799999999999955	-43.400000000000006	7.600000000000023	-70.0	-36.599999999999994	31.0	-59.599999999999994	
17.0	59.19999999999999	-47.39999999999998	60.0	15.800000000000011	-3.2	70.20000000000005	35.0	1.8	56.80000000000001	35.0	13.0	71.19999999999999	19.80000000000001	-61.2	53.60000000000002	49.599999999999994	-12.0	40.19999999999999	15.199999999999989	-101.2	39.80000000000001	57.80000000000001	-37.799999999999955	7.799999999999997	20.600000000000023	-101.80000000000001	9.400000000000006	48.0	-82.0	
-18.599999999999994	29.80000000000001	40.19999999999999	-20.0	40.19999999999999	-1.4	-36.0	47.599999999999994	0.19999999999999996	-34.80000000000001	33.0	27.599999999999994	-31.0	55.60000000000002	-7.799999999999997	-32.60000000000002	33.8	37.0	-30.599999999999994	50.0	1.2000000000000028	-27.80000000000001	34.0	41.39999999999998	-34.2	51.0	6.0	-25.200000000000003	45.0	29.80000000000001	
-3.4000000000000057	13.199999999999989	-18.399999999999977	19.80000000000001	-4.199999999999989	-2.4	25.80000000000001	11.400000000000006	1.2	21.600000000000023	20.0	-36.400000000000006	9.800000000000011	-4.399999999999977	-56.8	11.800000000000011	20.400000000000006	-38.0	-4.0	-1.8000000000000114	-51.0	2.4000000000000057	17.599999999999994	-32.0	-9.799999999999997	-1.6000000000000227	-30.0	-9.200000000000003	7.599999999999994	-27.0	
-0.7999999999999972	-10.0	-4.0	5.0	-6.199999999999989	0.2	3.3999999999999773	-10.400000000000006	-2.4	4.199999999999989	-8.0	-8.199999999999989	3.0	-9.800000000000011	-5.599999999999994	3.6000000000000227	-8.600000000000001	-6.800000000000011	3.5999999999999943	-11.399999999999977	-2.799999999999997	3.4000000000000057	-10.0	-7.0	4.600000000000001	-8.600000000000023	-1.3999999999999986	3.200000000000003	-10.200000000000003	-4.199999999999989	

0.0	31.200000000000003	-68.4	45.19999999999999	-14.600000000000023	0.8	57.799999999999955	-1.8000000000000114	2.0	50.19999999999999	13.399999999999999	-21.400000000000006	54.39999999999998	-26.19999999999999	-59.0	45.39999999999998	23.799999999999997	-45.19999999999999	28.599999999999994	-26.19999999999999	-92.2	27.80000000000001	30.19999999999999	-64.79999999999995	-0.3999999999999986	-26.600000000000023	-92.6	-2.5999999999999943	7.400000000000006	-92.4	
20.2	46.80000000000001	-39.19999999999999	44.0	7.600000000000023	0.19999999999999996	53.200000000000045	21.0	-1.8	43.0	23.200000000000003	8.800000000000011	59.39999999999998	10.399999999999977	-36.19999999999999	47.39999999999998	35.0	-8.399999999999977	39.80000000000001	8.399999999999977	-72.2	40.39999999999998	42.599999999999994	-29.399999999999977	22.2	11.199999999999989	-79.19999999999999	21.6	32.599999999999994	-68.6	
-29.799999999999997	41.19999999999999	22.0	-12.399999999999977	30.80000000000001	0.3999999999999999	-17.399999999999977	43.80000000000001	2.2	-24.600000000000023	38.6	9.0	-20.399999999999977	40.60000000000002	-27.599999999999994	-28.19999999999999	43.0	11.199999999999989	-26.599999999999994	42.19999999999999	-28.400000000000006	-29.0	42.599999999999994	18.799999999999955	-40.2	44.19999999999999	-17.0	-34.400000000000006	45.8	4.799999999999997	
8.0	21.599999999999994	-41.0	34.60000000000002	-9.600000000000023	-5.0	47.60000000000002	3.1999999999999886	0.0	43.0	13.399999999999999	-27.19999999999999	40.0	-13.0	-43.80000000000001	36.80000000000001	19.4	-38.80000000000001	20.400000000000006	-14.0	-60.6	24.0	22.19999999999999	-46.799999999999955	8.600000000000001	-11.800000000000011	-52.400000000000006	7.200000000000003	6.0	-56.2	
-3.3999999999999986	-1.4000000000000057	-2.3999999999999773	5.0	-2.6000000000000227	3.4	4.600000000000023	1.1999999999999886	-0.6	4.399999999999977	1.7999999999999972	-17.19999999999999	-1.6000000000000227	-3.0	-19.400000000000006	0.0	2.0	-15.199999999999989	-3.4000000000000057	-8.199999999999989	-15.400000000000006	-6.199999999999989	1.1999999999999886	-7.399999999999977	-5.600000000000001	-1.8000000000000114	-3.200000000000003	-4.799999999999997	-2.5999999999999943	-2.4000000000000057	

28.0	30.400000000000006	-54.19999999999999	36.19999999999999	-0.6000000000000227	-1.0	45.799999999999955	7.599999999999994	-1.0	42.39999999999998	14.200000000000003	-1.4000000000000057	49.80000000000001	-5.600000000000023	-20.399999999999977	47.39999999999998	20.8	-18.19999999999999	39.39999999999998	-8.600000000000023	-47.2	42.60000000000002	28.400000000000006	-40.0	28.0	-13.199999999999989	-61.0	28.200000000000003	9.800000000000011	-67.6	
13.600000000000001	23.200000000000003	-27.599999999999994	18.19999999999999	5.399999999999977	0.6000000000000001	22.600000000000023	7.199999999999989	-0.8	18.19999999999999	7.0	4.800000000000011	28.600000000000023	0.6000000000000227	-8.199999999999989	25.399999999999977	10.0	-1.3999999999999773	23.600000000000023	-4.800000000000011	-31.599999999999994	24.80000000000001	15.400000000000006	-18.600000000000023	17.0	-4.800000000000011	-41.599999999999994	18.0	9.599999999999994	-42.6	
6.799999999999997	36.599999999999994	-6.400000000000006	13.399999999999977	18.19999999999999	-2.8	13.399999999999977	26.599999999999994	0.19999999999999996	7.800000000000011	24.599999999999994	11.199999999999989	17.399999999999977	22.19999999999999	-13.0	11.399999999999977	31.0	5.399999999999977	14.199999999999989	24.600000000000023	-25.400000000000006	8.399999999999977	32.400000000000006	0.39999999999997726	3.4000000000000057	22.0	-34.0	4.600000000000001	34.0	-23.4	
32.599999999999994	16.599999999999994	-39.400000000000006	30.399999999999977	-2.3999999999999773	1.4	37.60000000000002	-2.0	1.8	37.0	2.4000000000000057	7.600000000000023	42.19999999999999	-9.800000000000011	-1.3999999999999773	43.0	6.0	-7.0	40.0	-13.399999999999977	-21.200000000000003	42.80000000000001	10.199999999999989	-26.0	35.2	-13.399999999999977	-37.0	35.400000000000006	-0.5999999999999943	-46.0	
-15.2	5.0	-4.800000000000011	9.399999999999977	-6.0	0.19999999999999996	9.600000000000023	-0.5999999999999943	1.0	7.399999999999977	2.5999999999999943	-26.0	0.8000000000000114	-6.199999999999989	-38.599999999999994	-0.19999999999998863	5.6	-27.600000000000023	-3.3999999999999773	-2.6000000000000227	-35.2	-11.199999999999989	4.0	-20.200000000000045	-14.399999999999999	0.0	-20.19999999999999	-15.0	1.5999999999999943	-14.0	

6.0	28.400000000000006	-23.599999999999994	16.600000000000023	6.399999999999977	0.8	20.600000000000023	14.599999999999994	-0.2	18.200000000000045	16.200000000000003	-7.399999999999977	21.799999999999955	6.800000000000011	-22.19999999999999	18.799999999999955	23.4	-13.800000000000011	15.600000000000023	6.600000000000023	-29.200000000000003	13.399999999999977	26.19999999999999	-23.0	6.400000000000006	6.800000000000011	-36.599999999999994	5.599999999999994	20.80000000000001	-34.0	
16.599999999999994	20.599999999999994	-17.0	8.399999999999977	2.8000000000000114	-2.0	8.600000000000023	7.199999999999989	-0.4	6.2000000000000455	7.200000000000003	11.0	17.200000000000045	2.0	-2.1999999999999886	12.399999999999977	10.8	3.6000000000000227	19.80000000000001	3.0	-13.599999999999994	17.19999999999999	15.199999999999989	-5.0	14.599999999999994	-2.6000000000000227	-32.599999999999994	17.599999999999994	12.199999999999989	-29.400000000000006	
20.0	25.599999999999994	-3.4000000000000057	7.800000000000011	10.199999999999989	-1.2	8.799999999999955	13.400000000000006	1.6	4.600000000000023	13.799999999999997	15.0	16.0	14.600000000000023	7.600000000000023	12.200000000000045	15.0	12.399999999999977	20.399999999999977	13.399999999999977	-5.400000000000006	17.19999999999999	17.80000000000001	7.0	23.0	12.600000000000023	-14.199999999999989	21.599999999999994	19.400000000000006	-10.400000000000006	
52.19999999999999	-1.4000000000000057	-16.799999999999997	22.80000000000001	3.0	-2.4	30.200000000000045	-0.4000000000000057	-1.4	31.799999999999955	-2.4000000000000057	11.199999999999989	37.39999999999998	0.19999999999998863	16.399999999999977	40.39999999999998	-3.4000000000000004	8.600000000000023	46.19999999999999	-0.19999999999998863	10.200000000000003	48.60000000000002	-2.5999999999999943	1.2000000000000455	57.0	-4.199999999999989	-2.1999999999999886	56.599999999999994	-5.0	-10.799999999999997	
-30.599999999999994	17.80000000000001	-15.400000000000006	11.199999999999989	-4.600000000000023	-2.8	12.799999999999955	4.400000000000006	2.6	7.600000000000023	6.799999999999997	-27.80000000000001	3.7999999999999545	-4.399999999999977	-45.19999999999999	-0.6000000000000227	14.0	-32.80000000000001	-9.399999999999977	-4.399999999999977	-51.2	-17.19999999999999	18.19999999999999	-30.600000000000023	-30.0	0.39999999999997726	-39.60000000000002	-32.400000000000006	12.199999999999989	-31.80000000000001	

30.599999999999994	20.80000000000001	-18.6	24.0	2.8000000000000114	2.0	26.799999999999955	9.199999999999989	0.19999999999999996	24.80000000000001	11.799999999999997	-1.6000000000000227	30.0	5.0	-8.800000000000011	27.0	14.4	-3.8000000000000114	32.80000000000001	0.39999999999997726	-15.400000000000006	29.799999999999955	17.80000000000001	-10.600000000000023	30.400000000000006	3.3999999999999773	-25.399999999999977	31.0	14.0	-27.599999999999994	
38.80000000000001	9.599999999999994	-19.799999999999997	8.800000000000011	-1.6000000000000227	-1.8	9.799999999999955	-0.4000000000000057	0.19999999999999996	8.199999999999989	-1.1999999999999886	11.199999999999989	21.200000000000045	-2.1999999999999886	8.0	20.399999999999977	0.8000000000000007	11.0	30.600000000000023	-5.600000000000023	3.200000000000003	31.600000000000023	2.4000000000000057	1.3999999999999773	40.0	-12.399999999999977	-18.19999999999999	42.19999999999999	-3.4000000000000057	-22.0	
19.0	19.0	35.6	-14.800000000000011	21.0	-1.4	-21.0	21.400000000000006	-0.4	-19.399999999999977	14.799999999999997	32.60000000000002	-8.0	29.19999999999999	28.80000000000001	-14.200000000000045	15.4	38.39999999999998	8.0	33.60000000000002	31.19999999999999	0.20000000000004547	17.80000000000001	43.60000000000002	22.0	32.200000000000045	19.19999999999999	21.599999999999994	28.80000000000001	34.19999999999999	
61.400000000000006	-10.0	2.8000000000000007	12.399999999999977	2.8000000000000114	-0.8	12.600000000000023	-0.5999999999999943	-0.6	15.0	-6.400000000000006	18.19999999999999	20.200000000000045	5.0	28.399999999999977	26.200000000000045	-8.600000000000001	23.19999999999999	34.80000000000001	4.199999999999989	31.19999999999999	43.799999999999955	-12.199999999999989	18.0	58.19999999999999	-2.3999999999999773	24.600000000000023	61.60000000000002	-12.400000000000006	17.19999999999999	
0.19999999999998863	48.19999999999999	-31.0	22.0	0.8000000000000114	1.0	23.799999999999955	13.400000000000006	-1.4	14.200000000000045	19.0	-7.0	32.200000000000045	1.3999999999999773	-36.60000000000002	16.799999999999955	29.8	-15.800000000000011	21.600000000000023	3.1999999999999886	-60.4	11.0	40.599999999999994	-25.600000000000023	6.0	4.399999999999977	-76.39999999999998	3.1999999999999886	35.19999999999999	-65.39999999999998	

10.0	2.6000000000000227	-13.400000000000006	22.0	-1.1999999999999886	-4.6	30.799999999999955	-1.0	-4.2	30.19999999999999	2.0	-11.399999999999977	25.799999999999955	-2.6000000000000227	-10.0	30.0	3.3999999999999986	-12.199999999999989	17.0	-1.3999999999999773	-12.799999999999997	23.0	4.0	-15.199999999999989	16.399999999999977	-0.39999999999997726	-5.600000000000023	12.399999999999977	-2.1999999999999886	-11.0	
14.400000000000006	6.600000000000023	-3.8000000000000114	-6.800000000000011	4.800000000000011	-3.0	-8.399999999999977	2.5999999999999943	0.6	-8.199999999999989	1.4000000000000057	5.399999999999977	-2.6000000000000227	2.8000000000000114	7.199999999999989	-3.0	0.3999999999999986	7.199999999999989	6.600000000000023	-3.6000000000000227	8.400000000000006	5.600000000000023	1.8000000000000114	3.8000000000000114	11.800000000000011	-3.6000000000000227	-1.6000000000000227	15.800000000000011	0.5999999999999943	-2.0	
12.199999999999989	12.0	39.400000000000006	-14.199999999999989	13.0	1.2	-20.399999999999977	13.0	0.19999999999999996	-21.19999999999999	7.400000000000006	19.399999999999977	-13.0	20.0	19.80000000000001	-18.600000000000023	6.600000000000001	25.19999999999999	-0.6000000000000227	23.19999999999999	26.0	-8.200000000000045	7.400000000000006	35.60000000000002	17.19999999999999	24.799999999999955	20.399999999999977	17.19999999999999	20.80000000000001	34.60000000000002	
79.39999999999998	-42.0	45.400000000000006	7.600000000000023	2.8000000000000114	-3.2	13.200000000000045	-4.199999999999989	-1.8	19.399999999999977	-12.599999999999994	17.19999999999999	15.399999999999977	8.0	39.80000000000001	23.399999999999977	-21.6	30.80000000000001	24.0	10.199999999999989	62.0	40.39999999999998	-33.80000000000001	46.0	69.60000000000002	10.799999999999955	74.39999999999998	71.19999999999999	-23.599999999999994	75.80000000000001	
40.60000000000002	19.0	-56.0	27.19999999999999	-14.399999999999977	-0.8	39.200000000000045	-10.800000000000011	-0.4	36.19999999999999	-2.200000000000003	-10.199999999999989	43.0	-22.600000000000023	-20.19999999999999	43.60000000000002	1.1999999999999993	-18.80000000000001	42.200000000000045	-31.399999999999977	-35.599999999999994	48.39999999999998	10.199999999999989	-39.60000000000002	36.0	-39.39999999999998	-55.80000000000001	41.39999999999998	-13.400000000000006	-69.60000000000002	

-4.800000000000011	16.8	3.0	-9.199999999999989	7.600000000000023	-0.4	-14.399999999999977	27.599999999999994	-0.2	-8.600000000000023	35.6	-23.599999999999994	-22.6	11.200000000000045	-34.4	-11.599999999999994	30.0	-11.799999999999997	-21.0	8.600000000000023	-19.19999999999999	-9.799999999999997	21.0	-1.2000000000000455	-13.599999999999994	11.399999999999977	-3.5999999999999943	-9.400000000000006	15.0	-1.3999999999999773	
-23.19999999999999	11.0	3.1999999999999886	-19.0	1.1999999999999886	-1.7999999999999998	-21.19999999999999	14.400000000000006	1.4	-19.19999999999999	24.200000000000003	-16.80000000000001	-29.2	2.2000000000000455	-21.6	-25.599999999999994	18.200000000000003	-10.599999999999994	-23.799999999999997	2.6000000000000227	-9.0	-25.2	13.400000000000006	-3.0	-29.19999999999999	2.6000000000000227	-1.1999999999999886	-24.80000000000001	6.400000000000006	1.3999999999999773	
-28.19999999999999	15.6	-2.0	-11.400000000000006	-2.3999999999999773	-0.6	-14.199999999999989	12.599999999999994	0.2	-15.199999999999989	19.2	-10.599999999999994	-24.4	1.0	-16.0	-23.0	19.200000000000003	-10.799999999999997	-30.6	1.1999999999999886	-11.0	-27.4	17.200000000000003	-6.0	-31.599999999999994	3.3999999999999773	-3.1999999999999886	-31.400000000000006	9.199999999999989	-2.8000000000000114	
-26.599999999999994	12.6	-22.600000000000023	10.0	-32.0	3.6	5.0	-1.1999999999999886	-1.8	3.0	31.0	-85.60000000000002	-21.200000000000003	-33.0	-81.4	-20.0	25.200000000000003	-71.2	-28.6	-20.19999999999999	-52.19999999999999	-27.6	16.200000000000003	-43.60000000000002	-26.799999999999997	-15.600000000000023	-23.400000000000006	-28.400000000000006	-1.1999999999999886	-26.399999999999977	
22.599999999999994	-9.8	-4.0	12.399999999999977	-2.3999999999999773	1.2000000000000002	11.800000000000011	-4.0	-1.8	13.399999999999977	-3.0	-16.80000000000001	13.400000000000006	-4.399999999999977	-11.200000000000003	15.199999999999989	-3.6000000000000014	-7.400000000000006	17.6	-2.1999999999999886	-8.800000000000011	18.200000000000003	-7.799999999999997	-6.0	24.799999999999997	-4.600000000000023	-6.599999999999994	22.599999999999994	-6.800000000000011	-4.199999999999989	

-23.400000000000006	2.1999999999999993	-3.1999999999999886	-26.400000000000006	15.600000000000023	-0.19999999999999996	-26.80000000000001	-15.600000000000023	-1.6	-26.0	-24.799999999999997	53.80000000000001	-0.7999999999999972	2.3999999999999773	63.599999999999994	-7.400000000000006	-17.6	21.200000000000003	-3.2	-5.800000000000011	37.599999999999994	-13.400000000000006	-5.0	1.7999999999999545	-14.200000000000003	-3.3999999999999773	15.199999999999989	-17.599999999999994	-2.0	5.800000000000011	
-32.400000000000006	17.0	7.199999999999989	-32.599999999999994	4.199999999999989	-3.2	-42.0	28.19999999999999	-2.2	-35.60000000000002	36.6	-35.400000000000006	-52.400000000000006	5.7999999999999545	-39.599999999999994	-42.400000000000006	32.2	-20.799999999999997	-41.0	3.8000000000000114	-18.19999999999999	-39.8	24.599999999999994	-3.3999999999999773	-41.2	6.399999999999977	-1.8000000000000114	-35.400000000000006	13.199999999999989	4.800000000000011	
-11.400000000000006	20.4	-2.1999999999999886	-3.0	4.600000000000023	-1.6	-2.3999999999999773	21.399999999999977	-0.8	-0.8000000000000114	26.200000000000003	-9.0	-13.0	9.200000000000045	-29.400000000000006	-8.400000000000006	27.2	-12.0	-15.8	6.800000000000011	-22.19999999999999	-13.200000000000003	22.200000000000003	-8.399999999999977	-18.6	9.0	-11.599999999999994	-15.0	15.400000000000006	-8.399999999999977	
-23.200000000000003	6.800000000000001	-30.399999999999977	20.80000000000001	-33.80000000000001	0.0	25.80000000000001	-11.0	-1.4	22.0	16.200000000000003	-70.19999999999999	-0.19999999999998863	-34.39999999999998	-61.400000000000006	-5.199999999999989	17.4	-69.8	-11.8	-20.80000000000001	-47.19999999999999	-19.799999999999997	14.399999999999999	-51.60000000000002	-23.4	-17.80000000000001	-28.599999999999994	-25.799999999999997	-5.800000000000011	-35.60000000000002	
12.0	0.5999999999999943	-4.800000000000011	5.399999999999977	0.19999999999998863	0.4	9.399999999999977	3.8000000000000114	-1.0	10.0	4.799999999999997	-14.200000000000003	7.0	0.20000000000004547	-18.599999999999994	8.800000000000011	2.799999999999997	-8.400000000000006	2.799999999999997	-0.19999999999998863	-15.199999999999989	10.400000000000006	0.0	-5.399999999999977	10.2	-1.0	-9.400000000000006	10.799999999999997	-0.39999999999997726	-6.199999999999989	

-44.599999999999994	35.2	6.0	-22.399999999999977	4.0	0.0	-29.600000000000023	42.0	-0.6	-26.399999999999977	64.4	-85.2	-57.80000000000001	11.600000000000023	-91.6	-52.0	59.4	-59.400000000000006	-59.8	12.199999999999989	-55.599999999999994	-55.400000000000006	47.2	-23.200000000000045	-56.599999999999994	21.0	-15.400000000000006	-51.400000000000006	30.80000000000001	-4.399999999999977	
-75.0	32.4	0.19999999999998863	-38.39999999999998	-9.800000000000011	-3.8	-46.80000000000001	30.0	0.4	-43.0	62.400000000000006	-103.2	-82.19999999999999	-9.0	-100.4	-74.6	59.4	-79.6	-92.6	-2.0	-57.19999999999999	-87.0	45.2	-39.39999999999998	-90.6	5.199999999999989	-13.200000000000003	-86.4	21.0	-8.399999999999977	
-7.600000000000001	19.2	-10.0	4.800000000000011	8.600000000000023	-7.2	6.800000000000011	20.0	-0.8	3.6000000000000227	20.400000000000006	5.0	1.1999999999999886	11.200000000000045	-20.0	1.6000000000000227	22.0	-2.4000000000000057	-8.599999999999994	7.0	-23.80000000000001	-5.400000000000006	21.0	-7.0	-17.4	7.800000000000011	-21.799999999999997	-13.599999999999994	13.599999999999994	-14.600000000000023	
-17.0	27.0	-25.0	12.199999999999989	-1.0	-3.4	17.80000000000001	18.80000000000001	0.4	16.0	35.0	-40.2	0.4000000000000057	-1.3999999999999773	-62.0	-1.3999999999999773	39.0	-43.2	-20.0	-2.1999999999999886	-55.19999999999999	-15.400000000000006	33.6	-37.200000000000045	-26.8	2.1999999999999886	-37.400000000000006	-25.799999999999997	16.599999999999994	-35.400000000000006	
-0.7999999999999972	-2.200000000000003	-1.6000000000000227	0.0	-3.3999999999999773	3.2	0.8000000000000114	-2.8000000000000114	-3.0	0.6000000000000227	-3.1999999999999886	1.2000000000000002	2.1999999999999886	-1.3999999999999773	0.0	1.8000000000000114	-3.799999999999997	0.5999999999999943	-0.20000000000000284	-1.8000000000000114	-2.0	-0.19999999999998863	-2.3999999999999986	-0.6000000000000227	0.0	-1.6000000000000227	-2.200000000000003	-0.20000000000000284	-2.5999999999999943	-2.3999999999999773	

-47.2	14.799999999999997	-22.19999999999999	-5.399999999999977	-12.800000000000011	1.8	-6.199999999999989	0.19999999999998863	-0.6	-6.0	20.0	-47.6	-23.0	-17.600000000000023	-43.19999999999999	-23.80000000000001	22.200000000000003	-52.0	-36.80000000000001	-16.19999999999999	-37.19999999999999	-42.0	21.2	-42.39999999999998	-51.6	-11.399999999999977	-18.599999999999994	-52.0	1.8000000000000114	-23.0	
-82.6	17.400000000000006	-55.60000000000002	-0.6000000000000227	-35.60000000000002	-3.0	6.199999999999989	-18.600000000000023	1.0	4.800000000000011	18.400000000000006	-74.4	-29.600000000000023	-50.60000000000002	-66.0	-26.399999999999977	23.200000000000003	-94.6	-56.599999999999994	-49.39999999999998	-58.599999999999994	-62.0	21.6	-85.0	-80.6	-40.0	-35.2	-83.8	-13.800000000000011	-54.400000000000006	
-28.4	42.4	-1.0	-4.199999999999989	23.399999999999977	5.0	-10.600000000000023	37.39999999999998	2.0	-11.399999999999977	39.599999999999994	2.0	-16.399999999999977	24.600000000000023	-25.80000000000001	-15.600000000000023	44.2	-4.199999999999989	-23.80000000000001	23.0	-31.80000000000001	-22.599999999999994	44.4	-4.600000000000023	-35.6	23.399999999999977	-19.599999999999994	-31.799999999999997	34.400000000000006	-12.400000000000006	
-7.0	5.0	-5.800000000000011	-1.3999999999999773	-0.39999999999997726	0.20000000000000018	-0.19999999999998863	3.6000000000000227	1.2	-0.19999999999998863	2.8000000000000114	5.600000000000001	2.3999999999999773	0.7999999999999545	2.5999999999999943	2.0	3.5999999999999943	0.8000000000000114	-0.4000000000000057	-0.8000000000000114	-4.800000000000011	0.19999999999998863	4.8	-4.0	-6.600000000000001	-0.19999999999998863	-6.799999999999997	-6.199999999999999	0.8000000000000114	-8.0	
-15.799999999999997	6.0	4.0	-4.399999999999977	-0.19999999999998863	-0.3999999999999999	-10.0	7.0	2.8	-10.199999999999989	10.0	-13.0	-17.399999999999977	1.6000000000000227	-21.0	-15.199999999999989	9.400000000000006	-9.800000000000011	-19.80000000000001	-1.3999999999999773	-13.800000000000011	-19.0	8.2	-2.2000000000000455	-18.6	3.1999999999999886	-6.0	-18.799999999999997	6.399999999999977	-2.0	

-7.600000000000001	4.0	-57.0	26.399999999999977	-18.0	0.0	36.0	-15.399999999999977	2.0	35.0	-3.1999999999999886	-21.200000000000003	28.0	-35.39999999999998	-26.80000000000001	31.600000000000023	1.0	-42.80000000000001	12.800000000000011	-40.80000000000001	-46.0	15.199999999999989	3.6	-57.60000000000002	-3.3999999999999986	-39.200000000000045	-47.2	-7.399999999999999	-20.0	-62.0	
22.0	28.0	-101.80000000000001	54.80000000000001	-16.19999999999999	-2.0	80.20000000000005	-9.199999999999989	0.19999999999999996	74.0	6.800000000000011	-2.799999999999997	73.19999999999999	-31.0	-33.0	77.80000000000001	16.400000000000006	-45.80000000000001	51.400000000000006	-35.19999999999999	-73.19999999999999	56.19999999999999	24.6	-85.0	22.6	-43.799999999999955	-91.6	21.8	-11.199999999999989	-112.2	
-26.0	39.0	-35.80000000000001	12.600000000000023	3.1999999999999886	-3.4	15.799999999999955	23.80000000000001	2.6	12.600000000000023	34.80000000000001	-11.599999999999994	10.600000000000023	5.0	-40.0	7.199999999999989	40.6	-28.0	-8.599999999999994	0.6000000000000227	-54.19999999999999	-5.800000000000011	42.0	-38.799999999999955	-28.2	2.1999999999999886	-49.0	-27.799999999999997	22.80000000000001	-52.400000000000006	
4.600000000000001	4.600000000000001	-48.0	23.399999999999977	-15.0	5.2	38.39999999999998	-9.199999999999989	0.0	38.0	2.4000000000000057	-33.8	29.0	-21.600000000000023	-36.0	30.600000000000023	4.200000000000003	-44.599999999999994	15.599999999999994	-20.0	-42.80000000000001	16.0	4.399999999999999	-52.200000000000045	5.0	-22.600000000000023	-38.8	2.1999999999999993	-9.199999999999989	-48.599999999999994	
-9.399999999999999	3.3999999999999986	2.3999999999999773	-1.1999999999999886	-3.8000000000000114	-1.7999999999999998	1.0	3.3999999999999773	-0.2	-1.0	4.800000000000011	-15.599999999999994	-2.8000000000000114	0.0	-23.19999999999999	-5.600000000000023	5.599999999999994	-11.199999999999989	-10.199999999999989	-4.0	-19.19999999999999	-6.800000000000011	6.200000000000003	-5.600000000000023	-8.0	2.1999999999999886	-9.399999999999999	-9.2	3.1999999999999886	-3.0	

1.6	24.0	-48.400000000000006	25.80000000000001	-2.1999999999999886	-2.4	36.799999999999955	6.399999999999977	0.2	35.799999999999955	16.599999999999994	-25.19999999999999	27.600000000000023	-9.600000000000023	-32.80000000000001	30.80000000000001	18.599999999999994	-38.0	15.800000000000011	-12.0	-47.0	17.399999999999977	21.2	-47.80000000000001	2.799999999999997	-10.200000000000045	-43.4	2.5999999999999996	2.8000000000000114	-50.6	
12.399999999999999	21.0	-56.80000000000001	16.0	-1.3999999999999773	-1.2	27.799999999999955	3.0	-0.6	25.19999999999999	7.199999999999989	4.400000000000006	29.80000000000001	-9.600000000000023	-8.600000000000023	33.39999999999998	9.799999999999997	-11.199999999999989	24.0	-18.0	-26.400000000000006	30.399999999999977	16.4	-36.39999999999998	10.799999999999997	-22.200000000000045	-48.6	14.8	-3.8000000000000114	-60.4	
5.800000000000001	33.2	-49.599999999999994	16.80000000000001	3.1999999999999886	-2.6	21.600000000000023	13.199999999999989	-1.4	19.80000000000001	19.599999999999994	13.400000000000006	26.399999999999977	1.3999999999999773	-12.399999999999977	27.399999999999977	24.400000000000006	-6.0	21.0	-3.1999999999999886	-40.400000000000006	26.80000000000001	28.0	-28.80000000000001	5.400000000000006	-11.799999999999955	-54.0	9.399999999999999	9.399999999999977	-61.2	
24.6	0.6000000000000014	-53.80000000000001	26.600000000000023	-13.199999999999989	3.8	42.0	-10.800000000000011	-1.0	42.39999999999998	-4.599999999999994	-7.800000000000011	40.0	-17.600000000000023	-9.600000000000023	46.0	-3.200000000000003	-23.80000000000001	38.19999999999999	-21.0	-18.0	40.19999999999999	-2.8000000000000007	-40.60000000000002	28.799999999999997	-27.0	-34.4	28.200000000000003	-18.80000000000001	-49.8	
-45.6	19.4	-0.5999999999999943	-4.199999999999989	-6.199999999999989	0.19999999999999996	-7.600000000000023	4.399999999999977	-1.2	-11.0	11.400000000000006	-30.599999999999994	-15.800000000000011	-6.0	-40.39999999999998	-22.19999999999999	15.799999999999997	-27.0	-27.80000000000001	-1.6000000000000227	-33.0	-33.80000000000001	17.8	-15.399999999999977	-41.4	2.2000000000000455	-18.6	-41.4	9.600000000000023	-13.799999999999997	

-0.20000000000000284	33.8	-53.8	20.399999999999977	0.8000000000000114	1.0	29.200000000000045	10.399999999999977	1.2	24.19999999999999	21.400000000000006	-14.599999999999994	25.600000000000023	-6.2000000000000455	-31.600000000000023	27.200000000000045	27.0	-29.400000000000006	16.600000000000023	-10.600000000000023	-48.80000000000001	16.80000000000001	30.8	-44.19999999999999	-1.5999999999999943	-10.799999999999955	-52.6	-2.0	10.600000000000023	-62.8	
26.400000000000006	9.400000000000006	-60.8	13.800000000000011	-0.19999999999998863	-1.0	23.399999999999977	1.0	-2.0	25.399999999999977	4.0	9.199999999999989	27.399999999999977	-6.600000000000023	2.1999999999999886	37.0	7.199999999999989	-6.199999999999989	30.399999999999977	-15.399999999999977	-13.800000000000011	40.0	5.200000000000003	-33.19999999999999	21.599999999999994	-25.399999999999977	-34.8	25.599999999999994	-14.399999999999977	-55.0	
10.200000000000003	44.6	-18.200000000000003	6.0	16.19999999999999	4.0	7.399999999999977	26.399999999999977	1.4	2.6000000000000227	29.80000000000001	17.399999999999977	12.800000000000011	17.799999999999955	-2.8000000000000114	11.799999999999955	33.8	10.800000000000011	14.800000000000011	13.399999999999977	-20.600000000000023	15.600000000000023	39.4	0.20000000000004547	9.0	11.0	-35.8	12.599999999999994	27.399999999999977	-31.6	
40.599999999999994	-7.200000000000003	-40.599999999999994	22.399999999999977	-4.600000000000023	-0.6	33.0	-6.600000000000023	0.6	34.39999999999998	-5.199999999999989	4.199999999999989	37.60000000000002	-10.200000000000045	4.0	43.39999999999998	-6.599999999999994	-4.600000000000023	35.80000000000001	-14.399999999999977	-3.8000000000000114	47.19999999999999	-7.200000000000003	-20.600000000000023	40.19999999999999	-17.799999999999955	-16.0	42.400000000000006	-17.80000000000001	-28.6	
-49.6	-2.0	-29.200000000000003	-4.600000000000023	-17.399999999999977	-0.8	-4.600000000000023	-14.800000000000011	2.4	-4.0	-4.199999999999989	-34.80000000000001	-17.19999999999999	-25.799999999999955	-32.80000000000001	-15.199999999999989	-3.8000000000000114	-43.0	-27.0	-22.80000000000001	-32.400000000000006	-33.60000000000002	-1.3999999999999986	-42.0	-45.599999999999994	-20.200000000000045	-19.4	-49.2	-12.800000000000011	-28.2	

32.400000000000006	7.400000000000006	-22.400000000000006	26.399999999999977	-1.6000000000000227	-1.0	35.60000000000002	2.8000000000000114	-0.4	35.39999999999998	5.400000000000006	-9.600000000000023	33.80000000000001	-0.39999999999997726	-12.0	38.0	7.199999999999989	-14.199999999999989	27.19999999999999	-0.20000000000004547	-16.399999999999977	32.0	6.200000000000003	-22.399999999999977	32.599999999999994	-4.0	-17.799999999999997	29.400000000000006	-0.19999999999998863	-19.200000000000003	
37.599999999999994	-1.7999999999999972	-37.2	6.199999999999989	-2.0	2.6	11.600000000000023	-1.8000000000000114	0.0	11.600000000000023	-3.4000000000000057	11.0	15.600000000000023	-7.2000000000000455	8.800000000000011	25.0	-4.800000000000011	6.800000000000011	22.19999999999999	-13.399999999999977	0.6000000000000227	37.0	-4.799999999999997	-11.600000000000023	26.799999999999997	-26.799999999999955	-17.799999999999997	33.599999999999994	-19.19999999999999	-31.599999999999994	
40.8	35.0	-14.399999999999999	11.199999999999989	20.399999999999977	1.0	13.0	24.19999999999999	1.4	8.800000000000011	24.599999999999994	18.0	19.80000000000001	20.399999999999977	5.199999999999989	19.399999999999977	26.80000000000001	16.0	26.80000000000001	14.799999999999955	-1.1999999999999886	31.399999999999977	30.799999999999997	7.199999999999989	33.599999999999994	9.0	-22.4	39.8	21.600000000000023	-22.200000000000003	
58.599999999999994	-13.0	-11.0	12.800000000000011	1.3999999999999773	-2.6	17.399999999999977	-2.0	-1.2	18.399999999999977	-5.400000000000006	16.80000000000001	25.600000000000023	0.6000000000000227	19.0	32.200000000000045	-8.0	18.19999999999999	34.39999999999998	-3.7999999999999545	17.80000000000001	48.799999999999955	-12.600000000000001	9.0	51.80000000000001	-12.799999999999955	1.3999999999999986	56.599999999999994	-15.800000000000011	-2.799999999999997	
17.0	81.8	-112.4	40.60000000000002	-5.800000000000011	1.4	55.0	15.399999999999977	0.8	44.39999999999998	31.400000000000006	-22.19999999999999	57.80000000000001	-13.600000000000023	-62.39999999999998	52.200000000000045	49.599999999999994	-47.60000000000002	43.19999999999999	-23.600000000000023	-105.6	45.39999999999998	64.6	-83.19999999999999	17.799999999999997	-33.200000000000045	-128.6	19.599999999999994	20.399999999999977	-145.4	

-24.400000000000006	-12.599999999999994	24.0	-4.800000000000011	-5.399999999999977	-2.4	-6.600000000000023	-9.600000000000023	-1.6	-6.399999999999977	-13.800000000000011	-8.800000000000011	-11.399999999999977	-3.0	-1.8000000000000114	-13.399999999999977	-15.599999999999994	-6.599999999999994	-16.80000000000001	-0.6000000000000227	12.399999999999977	-23.600000000000023	-17.200000000000003	5.800000000000011	-14.799999999999997	11.399999999999977	20.799999999999997	-24.200000000000003	1.2000000000000455	27.400000000000006	
-22.799999999999997	-8.400000000000006	12.399999999999977	2.8000000000000114	-7.800000000000011	0.0	4.2000000000000455	-9.399999999999977	-0.6	4.2000000000000455	-8.400000000000006	-16.399999999999977	-0.6000000000000227	-6.7999999999999545	-8.800000000000011	-3.3999999999999773	-8.199999999999989	-13.800000000000011	-10.399999999999977	-1.0	-6.600000000000023	-18.0	-6.799999999999997	-3.6000000000000227	-12.0	7.600000000000023	6.400000000000006	-20.0	2.2000000000000455	9.199999999999989	
-18.599999999999994	-31.80000000000001	-5.0	5.199999999999989	-7.600000000000023	-0.19999999999999996	4.399999999999977	-13.0	1.0	6.7999999999999545	-11.800000000000011	-16.80000000000001	-3.8000000000000114	-11.200000000000045	-3.8000000000000114	1.0	-15.599999999999994	-20.19999999999999	-12.600000000000023	-9.399999999999977	4.0	-9.799999999999955	-22.0	-16.0	-15.400000000000006	-1.7999999999999545	15.599999999999994	-23.599999999999994	-15.399999999999977	11.0	
-1.1999999999999886	-9.599999999999994	-3.3999999999999773	4.399999999999977	-5.0	1.0	2.3999999999999773	-6.399999999999977	-1.2	4.399999999999977	-6.0	-3.3999999999999773	1.3999999999999773	-5.7999999999999545	-1.0	2.2000000000000455	-8.199999999999989	-4.399999999999977	0.8000000000000114	-5.399999999999977	-0.39999999999997726	2.7999999999999545	-11.199999999999989	-4.399999999999977	-1.1999999999999886	-3.2000000000000455	4.399999999999999	-1.8000000000000114	-8.200000000000045	2.8000000000000114	
55.0	53.8	-125.60000000000002	33.39999999999998	-12.399999999999977	0.20000000000000018	46.799999999999955	-2.0	-0.6	43.39999999999998	13.800000000000011	-16.399999999999977	54.39999999999998	-28.399999999999977	-40.19999999999999	60.60000000000002	23.400000000000006	-36.0	47.60000000000002	-43.0	-79.6	69.39999999999998	38.4	-79.6	38.400000000000006	-65.0	-105.19999999999999	49.80000000000001	-18.799999999999955	-139.8	

