4 9
11.4	-1.1999999999999886	-12.0	22.0	-37.799999999999955	-2.8	19.599999999999994	-28.799999999999955	-0.8	12.599999999999994	-16.0	-4.399999999999977	35.2	-34.39999999999998	9.200000000000045	17.2	-11.0	-7.2000000000000455	29.19999999999999	-19.0	-4.7999999999999545	14.0	-7.199999999999989	-10.0	24.0	-10.399999999999977	-10.799999999999955	13.200000000000003	-4.800000000000011	-10.400000000000091	
0.20000000000000018	-3.0	-11.799999999999955	2.8000000000000114	-35.60000000000002	1.7999999999999998	2.5999999999999943	-20.0	-1.6	5.599999999999994	-3.6000000000000227	-20.0	7.199999999999999	-40.39999999999998	-10.0	2.3999999999999986	-4.2000000000000455	-19.59999999999991	10.400000000000006	-29.399999999999977	-10.799999999999955	0.4000000000000057	-5.0	-18.799999999999955	9.199999999999989	-22.799999999999955	-8.0	1.7999999999999972	-12.0	-14.599999999999909	
2.4000000000000004	-5.399999999999977	-9.400000000000091	6.400000000000006	-30.600000000000023	-0.5999999999999996	5.199999999999989	-20.399999999999977	1.4	6.599999999999994	-8.200000000000045	-12.600000000000023	12.8	-35.60000000000002	-6.2000000000000455	4.399999999999999	-6.0	-13.599999999999909	8.800000000000011	-25.799999999999955	-11.599999999999909	2.0	-6.0	-13.200000000000045	8.599999999999994	-19.600000000000023	-10.400000000000091	2.200000000000003	-11.0	-13.400000000000091	
13.2	-16.80000000000001	-28.59999999999991	21.0	-106.60000000000002	-2.0	26.80000000000001	-77.20000000000005	-1.6	21.80000000000001	-37.0	-31.799999999999955	51.6	-118.39999999999998	9.599999999999909	19.799999999999997	-31.200000000000045	-32.799999999999955	50.80000000000001	-80.79999999999995	-9.599999999999909	16.599999999999994	-23.399999999999977	-32.0	49.60000000000002	-56.799999999999955	-18.799999999999955	24.400000000000006	-34.39999999999998	-30.59999999999991	
16.4	5.399999999999977	-1.0	30.599999999999994	6.7999999999999545	1.0	24.80000000000001	3.3999999999999773	0.19999999999999996	18.599999999999994	-3.2000000000000455	13.200000000000045	33.2	19.0	-0.599999999999909	20.4	1.6000000000000227	9.200000000000045	19.599999999999994	20.0	-11.0	20.200000000000003	5.199999999999989	4.7999999999999545	11.800000000000011	18.600000000000023	-11.799999999999955	14.200000000000003	12.800000000000011	-1.7999999999999545	

25.6	-8.0	-34.0	43.0	-59.60000000000002	-2.2	46.0	-57.60000000000002	1.6	37.599999999999994	-31.799999999999955	-21.799999999999955	65.2	-67.60000000000002	9.0	37.6	-23.600000000000023	-25.59999999999991	59.80000000000001	-48.200000000000045	-14.599999999999909	33.0	-16.399999999999977	-33.799999999999955	54.0	-31.600000000000023	-30.799999999999955	36.2	-19.600000000000023	-37.200000000000045	
4.199999999999999	-6.399999999999977	-13.799999999999955	5.599999999999994	-32.200000000000045	5.6	7.599999999999994	-25.200000000000045	-1.0	6.199999999999989	-12.399999999999977	-10.600000000000023	15.2	-41.799999999999955	9.0	7.4	-9.799999999999955	-13.400000000000091	17.80000000000001	-31.399999999999977	3.2000000000000455	8.0	-9.199999999999989	-12.400000000000091	20.0	-23.399999999999977	-4.400000000000091	10.200000000000003	-12.399999999999977	-12.599999999999909	
4.4	-7.199999999999989	-13.0	2.8000000000000114	-33.39999999999998	4.4	9.599999999999994	-27.399999999999977	0.6000000000000001	6.0	-13.200000000000045	-8.799999999999955	12.8	-43.0	3.599999999999909	6.399999999999999	-13.0	-9.599999999999909	14.800000000000011	-33.39999999999998	-0.7999999999999545	7.200000000000003	-9.800000000000011	-13.0	18.599999999999994	-24.600000000000023	-5.2000000000000455	8.200000000000003	-16.19999999999999	-10.400000000000091	
-5.199999999999999	-23.19999999999999	-39.200000000000045	-9.800000000000011	-104.0	2.4000000000000004	-8.400000000000006	-81.39999999999998	-3.2	-3.8000000000000114	-38.200000000000045	-38.39999999999998	14.2	-129.79999999999995	19.40000000000009	-1.6000000000000014	-37.60000000000002	-43.40000000000009	30.80000000000001	-102.20000000000005	4.7999999999999545	-1.5999999999999943	-31.0	-41.799999999999955	38.599999999999994	-78.20000000000005	-14.0	10.200000000000003	-48.0	-37.200000000000045	
9.0	3.3999999999999773	-3.400000000000091	18.400000000000006	-0.39999999999997726	-3.8	17.400000000000006	-2.2000000000000455	-0.8	14.800000000000011	0.6000000000000227	0.7999999999999545	17.2	2.6000000000000227	-15.200000000000045	13.0	2.6000000000000227	-3.599999999999909	9.800000000000011	4.0	-20.200000000000045	8.799999999999997	3.1999999999999886	-3.400000000000091	4.0	4.0	-15.400000000000091	6.599999999999994	5.199999999999989	-7.400000000000091	

7.800000000000001	-17.0	-38.59999999999991	9.400000000000006	-71.0	-1.5999999999999996	16.19999999999999	-63.39999999999998	-0.19999999999999996	19.0	-33.60000000000002	-19.799999999999955	36.2	-86.79999999999995	30.59999999999991	22.6	-32.60000000000002	-24.0	47.599999999999994	-70.0	12.200000000000045	22.400000000000006	-26.399999999999977	-31.0	53.599999999999994	-52.39999999999998	-11.200000000000045	31.6	-32.0	-30.200000000000045	
-1.0	-8.0	-16.0	-11.400000000000006	-33.39999999999998	-0.3999999999999999	-7.800000000000011	-25.200000000000045	-1.0	-5.199999999999989	-8.399999999999977	-15.200000000000045	-4.800000000000011	-45.39999999999998	11.0	-3.200000000000003	-11.399999999999977	-15.799999999999955	7.0	-41.200000000000045	7.400000000000091	-1.7999999999999972	-11.800000000000011	-15.200000000000045	12.799999999999997	-32.60000000000002	5.599999999999909	5.199999999999999	-21.0	-10.0	
-8.400000000000006	-5.0	-11.599999999999909	-10.400000000000006	-23.600000000000023	-0.3999999999999999	-7.199999999999989	-16.600000000000023	-0.4	-3.8000000000000114	-5.399999999999977	-13.399999999999977	-8.599999999999994	-34.0	-9.200000000000045	-7.400000000000006	-4.600000000000023	-16.200000000000045	-4.600000000000001	-30.200000000000045	-9.599999999999909	-7.799999999999997	-6.0	-17.0	-2.799999999999997	-26.0	-9.599999999999909	-7.4	-14.199999999999989	-16.0	
-30.599999999999994	-26.600000000000023	-5.2000000000000455	-76.60000000000002	-32.60000000000002	-0.20000000000000018	-65.19999999999999	-16.600000000000023	2.0	-44.60000000000002	1.3999999999999773	-41.0	-82.4	-66.39999999999998	0.599999999999909	-47.80000000000001	-9.800000000000011	-31.40000000000009	-52.2	-73.60000000000002	36.40000000000009	-43.0	-20.399999999999977	-17.200000000000045	-27.799999999999997	-72.79999999999995	43.0	-34.6	-48.39999999999998	8.400000000000091	
12.0	-0.8000000000000114	-5.2000000000000455	20.80000000000001	-14.199999999999989	-1.5999999999999996	21.599999999999994	-13.799999999999955	-1.4	16.80000000000001	-10.600000000000023	6.2000000000000455	29.400000000000006	-9.399999999999977	6.2000000000000455	17.200000000000003	-6.399999999999977	2.2000000000000455	23.6	-2.6000000000000227	-6.599999999999909	16.0	-4.0	-2.400000000000091	19.80000000000001	2.2000000000000455	-14.200000000000045	16.8	-1.1999999999999886	-11.0	

-15.799999999999997	-25.399999999999977	-8.400000000000091	-39.60000000000002	-28.399999999999977	2.8	-37.400000000000006	-21.80000000000001	-0.4	-25.19999999999999	-10.0	-27.0	-48.599999999999994	-49.0	18.0	-27.400000000000006	-19.399999999999977	-20.0	-29.200000000000003	-53.39999999999998	40.799999999999955	-22.0	-26.399999999999977	-10.799999999999955	-11.0	-56.200000000000045	41.799999999999955	-15.399999999999999	-42.0	9.400000000000091	
-1.4000000000000057	-14.0	-5.0	-18.19999999999999	-19.600000000000023	-2.4	-14.599999999999994	-19.0	2.0	-6.599999999999994	-10.399999999999977	-7.399999999999977	-15.400000000000006	-35.39999999999998	20.0	-7.0	-13.199999999999989	-5.599999999999909	-3.3999999999999986	-35.0	27.799999999999955	-3.1999999999999993	-16.19999999999999	-4.2000000000000455	8.200000000000003	-34.60000000000002	21.0	2.3999999999999986	-25.399999999999977	7.0	
6.799999999999997	-13.600000000000023	-17.59999999999991	-1.8000000000000114	-28.399999999999977	0.5999999999999996	1.0	-24.399999999999977	-1.8	5.599999999999994	-13.0	-16.399999999999977	0.19999999999998863	-41.799999999999955	-1.2000000000000455	4.599999999999994	-13.199999999999989	-16.0	5.200000000000003	-39.80000000000001	-4.0	4.4	-13.800000000000011	-17.200000000000045	9.399999999999999	-41.200000000000045	-4.0	6.0	-25.19999999999999	-16.0	
-47.400000000000006	-4.800000000000011	-3.0	-53.39999999999998	3.1999999999999886	0.3999999999999999	-54.60000000000002	10.399999999999977	-1.0	-44.39999999999998	16.399999999999977	-25.399999999999977	-77.39999999999998	-10.799999999999955	-24.799999999999955	-52.19999999999999	10.399999999999977	-23.0	-69.4	-23.0	0.0	-53.2	1.8000000000000114	-12.0	-65.2	-30.200000000000045	17.200000000000045	-50.0	-17.0	1.400000000000091	
-18.400000000000006	0.6000000000000227	-5.7999999999999545	-13.800000000000011	3.1999999999999886	0.0	-14.800000000000011	8.800000000000011	-0.8	-13.800000000000011	10.199999999999989	-18.399999999999977	-24.399999999999977	3.0	-30.59999999999991	-18.400000000000006	6.0	-14.400000000000091	-29.200000000000003	0.0	-24.40000000000009	-21.799999999999997	3.8000000000000114	-10.0	-35.0	-5.600000000000023	-12.599999999999909	-27.799999999999997	-0.8000000000000114	-8.0	

-21.19999999999999	-20.19999999999999	-17.799999999999955	-26.80000000000001	-19.0	2.2	-20.19999999999999	-10.399999999999977	-1.6	-9.199999999999989	3.1999999999999886	-41.0	-43.19999999999999	-37.200000000000045	-24.799999999999955	-18.599999999999994	-3.8000000000000114	-36.799999999999955	-40.80000000000001	-51.0	-3.7999999999999545	-23.0	-11.800000000000011	-28.799999999999955	-35.4	-59.0	14.200000000000045	-27.599999999999994	-38.60000000000002	-12.200000000000045	
-25.400000000000006	-14.800000000000011	-11.599999999999909	-32.0	-11.600000000000023	-2.0	-26.0	-4.399999999999977	0.0	-18.599999999999994	3.8000000000000114	-31.799999999999955	-46.19999999999999	-26.399999999999977	-19.0	-24.0	-2.3999999999999773	-27.40000000000009	-43.19999999999999	-35.39999999999998	2.599999999999909	-28.799999999999997	-8.199999999999989	-19.40000000000009	-37.0	-46.0	17.59999999999991	-34.400000000000006	-30.0	-1.599999999999909	
-19.599999999999994	-10.0	-16.200000000000045	-20.19999999999999	-15.199999999999989	2.8	-17.0	-8.600000000000023	1.2	-10.599999999999994	-3.6000000000000227	-22.799999999999955	-28.19999999999999	-26.399999999999977	-17.200000000000045	-15.400000000000006	-3.1999999999999886	-21.200000000000045	-26.0	-35.39999999999998	-9.200000000000045	-17.4	-7.399999999999977	-21.0	-25.799999999999997	-39.0	0.40000000000009095	-21.200000000000003	-22.80000000000001	-12.200000000000045	
-7.199999999999989	-18.600000000000023	-3.400000000000091	-16.600000000000023	-10.0	0.20000000000000018	-12.199999999999989	-6.199999999999989	-0.6	-5.399999999999977	-1.6000000000000227	-19.799999999999955	-29.399999999999977	-23.399999999999977	-3.599999999999909	-9.800000000000011	-7.600000000000023	-15.799999999999955	-27.400000000000006	-34.39999999999998	16.0	-10.200000000000003	-16.19999999999999	-6.2000000000000455	-14.400000000000006	-41.799999999999955	31.200000000000045	-11.400000000000006	-30.80000000000001	11.200000000000045	
7.0	9.800000000000011	-31.40000000000009	22.599999999999994	-17.80000000000001	0.20000000000000018	26.19999999999999	-9.800000000000011	-0.4	23.599999999999994	1.1999999999999886	-21.399999999999977	28.400000000000006	-21.799999999999955	-33.40000000000009	19.599999999999994	4.0	-25.200000000000045	19.200000000000003	-20.399999999999977	-48.0	15.8	7.600000000000023	-29.0	10.799999999999997	-19.0	-49.200000000000045	9.0	0.0	-43.40000000000009	

-31.0	-8.800000000000011	-10.599999999999909	-13.0	0.19999999999998863	2.2	-9.800000000000011	6.199999999999989	2.0	-4.800000000000011	8.800000000000011	-30.799999999999955	-32.0	-9.200000000000045	-33.0	-14.0	5.600000000000023	-29.799999999999955	-40.0	-16.399999999999977	-14.0	-22.400000000000006	-3.0	-20.799999999999955	-46.599999999999994	-27.799999999999955	9.0	-33.599999999999994	-19.600000000000023	-4.599999999999909	
-42.19999999999999	-3.6000000000000227	-13.200000000000045	-23.80000000000001	1.3999999999999773	-2.5999999999999996	-23.600000000000023	12.399999999999977	-3.6	-17.0	16.80000000000001	-33.200000000000045	-47.19999999999999	-2.8000000000000114	-42.0	-29.19999999999999	13.199999999999989	-32.0	-55.599999999999994	-13.399999999999977	-26.799999999999955	-38.400000000000006	6.399999999999977	-23.0	-65.6	-24.799999999999955	-3.2000000000000455	-51.19999999999999	-11.800000000000011	-9.799999999999955	
-26.599999999999994	-11.0	-16.799999999999955	-14.199999999999989	-9.399999999999977	1.0	-8.0	-0.8000000000000114	0.6	-5.599999999999994	4.0	-29.799999999999955	-28.399999999999977	-17.399999999999977	-35.40000000000009	-13.400000000000006	1.1999999999999886	-29.40000000000009	-36.599999999999994	-27.80000000000001	-23.59999999999991	-21.200000000000003	-4.800000000000011	-24.59999999999991	-45.8	-39.39999999999998	-3.599999999999909	-34.599999999999994	-22.399999999999977	-14.200000000000045	
-38.599999999999994	-6.800000000000011	-7.0	-20.399999999999977	1.8000000000000114	1.2000000000000002	-23.600000000000023	11.800000000000011	-0.19999999999999996	-17.0	14.199999999999989	-32.39999999999998	-46.0	-4.600000000000023	-38.59999999999991	-29.599999999999994	8.399999999999977	-31.799999999999955	-56.19999999999999	-15.800000000000011	-21.200000000000045	-38.599999999999994	1.8000000000000114	-22.59999999999991	-65.6	-28.0	0.40000000000009095	-51.400000000000006	-16.80000000000001	-8.0	
6.599999999999994	15.199999999999989	-40.59999999999991	25.599999999999994	-18.0	1.0	33.0	-4.800000000000011	1.0	28.80000000000001	6.0	-30.600000000000023	29.399999999999977	-22.399999999999977	-54.799999999999955	23.599999999999994	10.800000000000011	-36.59999999999991	17.400000000000006	-20.80000000000001	-71.79999999999995	16.200000000000003	13.600000000000023	-41.0	4.0	-24.600000000000023	-72.0	4.400000000000006	2.6000000000000227	-61.200000000000045	

25.400000000000006	0.39999999999997726	12.200000000000045	18.0	4.399999999999977	0.3999999999999999	24.19999999999999	3.0	0.19999999999999996	23.0	2.8000000000000114	10.0	24.19999999999999	5.0	11.799999999999955	23.400000000000006	1.1999999999999886	12.200000000000045	22.19999999999999	5.0	16.799999999999955	25.799999999999997	0.39999999999997726	12.200000000000045	28.80000000000001	5.7999999999999545	20.59999999999991	27.400000000000006	1.2000000000000455	16.0	
6.599999999999994	11.800000000000011	3.7999999999999545	7.600000000000023	3.6000000000000227	2.8	8.0	7.0	-0.8	6.400000000000006	7.399999999999977	2.0	11.0	6.800000000000011	-3.2000000000000455	6.800000000000011	6.600000000000023	4.7999999999999545	8.400000000000006	8.800000000000011	-6.400000000000091	6.0	8.199999999999989	2.599999999999909	7.599999999999994	7.7999999999999545	-7.7999999999999545	4.599999999999994	11.199999999999989	-1.2000000000000455	
0.5999999999999943	2.3999999999999773	-2.7999999999999545	5.0	-1.6000000000000227	-0.20000000000000018	5.399999999999977	0.19999999999998863	0.6	4.600000000000023	1.0	0.0	5.399999999999977	-3.3999999999999773	-7.2000000000000455	5.199999999999989	2.1999999999999886	-0.39999999999997726	4.399999999999977	-3.1999999999999886	-8.400000000000091	4.599999999999994	2.8000000000000114	-0.20000000000004547	4.0	-3.6000000000000227	-9.200000000000045	3.1999999999999886	1.0	-5.7999999999999545	
3.5999999999999943	0.6000000000000227	3.0	5.199999999999989	4.199999999999989	-1.2000000000000002	6.399999999999977	5.399999999999977	3.2	6.600000000000023	4.399999999999977	1.6000000000000227	3.0	6.600000000000023	-1.0	5.800000000000011	3.1999999999999886	2.6000000000000227	1.3999999999999773	5.399999999999977	1.7999999999999545	2.799999999999997	2.0	5.0	0.8000000000000114	3.6000000000000227	7.7999999999999545	2.8000000000000114	1.0	5.400000000000091	
19.80000000000001	24.80000000000001	-12.599999999999909	17.0	-6.199999999999989	2.6	24.19999999999999	0.0	1.8	18.0	3.1999999999999886	4.600000000000023	35.39999999999998	-5.199999999999989	-10.200000000000045	20.400000000000006	10.600000000000023	1.3999999999999773	37.400000000000006	1.0	-31.59999999999991	25.0	18.399999999999977	-6.2000000000000455	37.599999999999994	7.600000000000023	-49.0	26.80000000000001	22.19999999999999	-29.200000000000045	

-11.199999999999989	16.399999999999977	-10.400000000000091	9.600000000000023	8.800000000000011	0.40000000000000036	8.199999999999989	14.399999999999977	0.6	6.400000000000006	13.600000000000023	-9.0	8.800000000000011	11.199999999999989	-23.40000000000009	2.4000000000000057	15.199999999999989	-9.799999999999955	1.6000000000000227	12.399999999999977	-28.0	-3.0	15.800000000000011	-9.200000000000045	-13.199999999999989	14.0	-30.59999999999991	-11.599999999999994	18.799999999999955	-18.40000000000009	
-16.0	15.199999999999989	-11.200000000000045	0.8000000000000114	5.800000000000011	2.4000000000000004	-0.6000000000000227	9.600000000000023	-2.2	-2.1999999999999886	9.600000000000023	-6.399999999999977	2.3999999999999773	8.800000000000011	-21.0	-4.0	12.399999999999977	-9.0	-1.6000000000000227	11.800000000000011	-30.0	-7.400000000000006	14.0	-11.0	-11.599999999999994	14.799999999999955	-33.40000000000009	-11.800000000000011	20.600000000000023	-20.0	
-5.400000000000006	-0.39999999999997726	-3.0	0.39999999999997726	-5.600000000000023	2.0	1.3999999999999773	-1.6000000000000227	-1.4	0.8000000000000114	-0.19999999999998863	-4.0	-0.39999999999997726	-4.0	-8.200000000000045	-1.1999999999999886	0.8000000000000114	-6.0	-1.6000000000000227	-5.399999999999977	-9.799999999999955	-1.7999999999999972	0.6000000000000227	-6.0	-7.199999999999989	-8.399999999999977	-8.599999999999909	-3.1999999999999886	-2.7999999999999545	-6.2000000000000455	
-4.0	6.800000000000011	-3.599999999999909	6.399999999999977	1.3999999999999773	0.5999999999999996	9.800000000000011	5.600000000000023	1.4	7.800000000000011	7.800000000000011	-7.600000000000023	4.399999999999977	5.600000000000023	-20.59999999999991	2.4000000000000057	9.0	-9.799999999999955	-3.6000000000000227	6.0	-24.200000000000045	-1.2000000000000028	8.399999999999977	-8.200000000000045	-16.19999999999999	4.7999999999999545	-21.59999999999991	-11.400000000000006	6.600000000000023	-13.400000000000091	
-7.0	43.80000000000001	-27.799999999999955	21.0	-6.199999999999989	-2.0	20.399999999999977	8.600000000000023	-1.4	12.0	14.199999999999989	-18.600000000000023	31.399999999999977	-0.6000000000000227	-48.0	12.599999999999994	23.0	-22.799999999999955	29.19999999999999	6.800000000000011	-77.20000000000005	3.799999999999997	34.80000000000001	-26.0	15.800000000000011	19.600000000000023	-99.59999999999991	0.5999999999999943	42.0	-63.0	

36.8	23.600000000000023	12.400000000000091	21.599999999999994	6.800000000000011	-1.2000000000000002	27.400000000000006	7.600000000000023	-0.4	24.0	4.600000000000023	13.799999999999955	38.80000000000001	8.0	17.0	27.799999999999997	11.0	16.200000000000045	47.599999999999994	16.399999999999977	13.599999999999909	31.8	13.800000000000011	15.0	68.19999999999999	29.399999999999977	-1.0	50.0	28.600000000000023	8.0	
42.599999999999994	36.39999999999998	12.799999999999955	26.0	3.3999999999999773	1.2000000000000002	28.400000000000006	8.199999999999989	-0.6000000000000001	23.80000000000001	6.800000000000011	19.799999999999955	47.60000000000002	13.199999999999989	19.40000000000009	29.400000000000006	12.199999999999989	19.200000000000045	62.80000000000001	23.600000000000023	13.400000000000091	38.8	21.399999999999977	14.599999999999909	92.4	45.39999999999998	-8.400000000000091	63.2	42.60000000000002	5.2000000000000455	
31.799999999999997	17.0	5.599999999999909	16.19999999999999	-3.6000000000000227	-4.0	17.19999999999999	-3.0	-0.4	14.0	-1.0	10.200000000000045	30.600000000000023	0.8000000000000114	11.400000000000091	18.799999999999997	1.3999999999999773	12.799999999999955	38.599999999999994	6.0	8.599999999999909	25.0	8.0	9.200000000000045	60.0	14.799999999999955	-4.2000000000000455	43.599999999999994	17.399999999999977	0.40000000000009095	
26.599999999999994	27.600000000000023	10.400000000000091	13.400000000000006	7.800000000000011	-1.0	14.599999999999994	8.399999999999977	-0.6	10.199999999999989	8.399999999999977	13.200000000000045	28.600000000000023	14.600000000000023	11.799999999999955	14.400000000000006	11.800000000000011	13.799999999999955	39.0	21.19999999999999	3.2000000000000455	21.8	17.600000000000023	12.400000000000091	57.0	35.39999999999998	-6.599999999999909	39.0	33.80000000000001	4.0	
-13.400000000000006	36.80000000000001	9.200000000000045	17.400000000000006	2.3999999999999773	0.6000000000000001	15.199999999999989	11.0	1.8	7.599999999999994	12.800000000000011	5.399999999999977	29.0	11.199999999999989	-9.0	6.400000000000006	18.399999999999977	5.7999999999999545	34.400000000000006	25.19999999999999	-27.0	1.2000000000000028	27.0	7.0	31.19999999999999	52.39999999999998	-49.200000000000045	6.800000000000011	53.0	-15.599999999999909	

22.200000000000003	-12.600000000000023	-10.799999999999955	35.0	-47.19999999999999	-1.1999999999999993	36.400000000000006	-56.200000000000045	3.0	23.599999999999994	-38.0	0.7999999999999545	54.400000000000006	-43.19999999999999	39.59999999999991	26.4	-31.399999999999977	-6.400000000000091	44.60000000000002	-27.80000000000001	15.400000000000091	22.80000000000001	-20.0	-9.0	39.39999999999998	-18.80000000000001	2.400000000000091	27.0	-18.19999999999999	-7.400000000000091	
19.599999999999994	-11.399999999999977	-5.599999999999909	32.400000000000006	-45.39999999999998	2.1999999999999993	29.80000000000001	-57.0	-0.6	21.0	-35.799999999999955	0.40000000000009095	53.599999999999994	-45.0	48.799999999999955	24.0	-29.799999999999955	-2.0	45.0	-27.19999999999999	22.0	21.400000000000006	-19.600000000000023	-7.7999999999999545	39.60000000000002	-15.600000000000023	7.400000000000091	28.400000000000006	-16.0	-1.7999999999999545	
2.6000000000000014	-8.600000000000023	-11.200000000000045	14.799999999999997	-33.60000000000002	3.1999999999999993	15.400000000000006	-34.39999999999998	0.4	8.800000000000011	-19.200000000000045	-10.599999999999909	24.400000000000006	-34.0	11.0	8.8	-14.200000000000045	-12.599999999999909	15.599999999999994	-25.0	0.0	5.0	-13.0	-14.799999999999955	13.199999999999989	-16.600000000000023	-3.2000000000000455	5.599999999999994	-13.800000000000011	-10.599999999999909	
28.200000000000003	-23.600000000000023	-14.0	58.2	-81.0	-4.4	52.599999999999994	-99.39999999999998	-0.19999999999999996	33.80000000000001	-67.20000000000005	8.0	94.19999999999999	-76.0	83.59999999999991	40.0	-52.60000000000002	-1.7999999999999545	77.39999999999998	-46.19999999999999	32.59999999999991	36.599999999999994	-37.19999999999999	-10.0	65.39999999999998	-29.0	5.599999999999909	44.80000000000001	-29.0	-6.0	
-3.6000000000000014	-0.19999999999998863	-6.7999999999999545	3.1999999999999886	-8.0	0.8000000000000007	2.5999999999999943	1.2000000000000455	-0.19999999999999996	4.400000000000006	7.0	-14.200000000000045	-1.4000000000000057	-8.0	-18.799999999999955	0.0	7.0	-12.599999999999909	-4.400000000000006	-7.600000000000023	-16.0	-0.8000000000000114	3.6000000000000227	-7.400000000000091	-4.400000000000006	-6.399999999999977	-9.799999999999955	-4.200000000000003	-2.1999999999999886	-7.2000000000000455	

48.8	-19.0	-35.200000000000045	72.2	-72.39999999999998	4.0	75.2	-98.79999999999995	-1.6	58.8	-74.79999999999995	11.799999999999955	117.0	-71.20000000000005	81.0	67.6	-60.0	-6.2000000000000455	102.39999999999998	-45.80000000000001	23.200000000000045	61.400000000000006	-40.80000000000001	-24.59999999999991	88.60000000000002	-30.0	-17.59999999999991	66.19999999999999	-29.19999999999999	-30.799999999999955	
22.400000000000006	-13.0	-9.200000000000045	20.200000000000003	-32.0	5.0	24.400000000000006	-44.200000000000045	-0.8	18.599999999999994	-33.0	4.7999999999999545	46.2	-35.60000000000002	47.0	25.6	-27.600000000000023	0.20000000000004547	45.60000000000002	-24.399999999999977	24.200000000000045	27.599999999999994	-19.0	-4.2000000000000455	45.80000000000001	-15.800000000000011	6.2000000000000455	32.80000000000001	-16.600000000000023	-3.2000000000000455	
4.0	-12.0	-23.200000000000045	20.599999999999994	-44.19999999999999	-0.1999999999999993	18.19999999999999	-42.799999999999955	-1.8	14.0	-25.200000000000045	-20.799999999999955	27.599999999999994	-47.60000000000002	9.0	10.799999999999997	-19.399999999999977	-23.0	23.0	-36.19999999999999	-2.599999999999909	6.800000000000011	-13.600000000000023	-24.0	17.19999999999999	-26.19999999999999	-12.400000000000091	7.199999999999989	-20.600000000000023	-20.0	
31.799999999999997	-22.600000000000023	0.0	15.599999999999994	-53.39999999999998	5.4	17.599999999999994	-76.0	0.6	14.0	-57.60000000000002	23.200000000000045	62.400000000000006	-57.39999999999998	113.20000000000005	30.799999999999997	-51.39999999999998	19.0	72.39999999999998	-37.39999999999998	71.59999999999991	35.599999999999994	-38.19999999999999	8.200000000000045	73.0	-21.80000000000001	29.40000000000009	50.400000000000006	-27.600000000000023	11.0	
-9.399999999999999	-2.3999999999999773	-10.400000000000091	5.0	-20.399999999999977	0.0	4.0	-11.600000000000023	-1.2	3.0	-0.39999999999997726	-20.200000000000045	-1.6000000000000014	-23.399999999999977	-19.200000000000045	-1.8000000000000007	-2.0	-22.40000000000009	-3.5999999999999943	-18.600000000000023	-16.200000000000045	-5.199999999999989	-1.3999999999999773	-17.799999999999955	-4.400000000000006	-16.399999999999977	-10.200000000000045	-7.599999999999994	-8.0	-12.200000000000045	

63.0	-40.19999999999999	27.200000000000045	-9.0	-23.399999999999977	0.0	-3.1999999999999886	-67.39999999999998	0.6000000000000001	3.0	-67.0	67.20000000000005	43.599999999999994	-35.60000000000002	168.79999999999995	28.6	-68.79999999999995	65.40000000000009	81.0	-26.399999999999977	139.5999999999999	51.19999999999999	-58.19999999999999	49.200000000000045	105.19999999999999	-15.0	78.0	79.6	-37.60000000000002	52.59999999999991	
13.600000000000001	-41.39999999999998	-15.599999999999909	-6.199999999999989	-54.0	-0.8000000000000007	-4.399999999999977	-71.39999999999998	1.8	2.8000000000000114	-51.799999999999955	-2.599999999999909	19.0	-71.80000000000001	82.20000000000005	10.0	-55.39999999999998	-2.7999999999999545	40.599999999999994	-60.80000000000001	70.79999999999995	16.799999999999997	-48.80000000000001	-4.400000000000091	54.19999999999999	-52.0	41.40000000000009	36.2	-51.0	9.599999999999909	
15.4	-27.0	-17.40000000000009	7.400000000000006	-44.60000000000002	3.4000000000000004	13.0	-63.200000000000045	0.8	15.0	-49.200000000000045	9.0	36.0	-61.80000000000001	67.59999999999991	21.599999999999994	-46.80000000000001	-0.20000000000004547	44.400000000000006	-53.80000000000001	44.59999999999991	23.599999999999994	-39.39999999999998	-11.0	50.400000000000006	-41.80000000000001	14.0	34.2	-38.80000000000001	-8.200000000000045	
-14.600000000000001	-16.0	35.200000000000045	-72.0	13.600000000000023	1.4000000000000004	-71.80000000000001	9.600000000000023	0.0	-53.19999999999999	7.600000000000023	2.0	-76.19999999999999	1.8000000000000114	62.59999999999991	-49.0	-5.0	20.40000000000009	-38.0	-3.8000000000000114	94.59999999999991	-35.6	-15.600000000000023	33.799999999999955	-8.400000000000006	-1.1999999999999886	85.59999999999991	-13.0	-17.19999999999999	59.200000000000045	
11.600000000000001	-11.800000000000011	-13.799999999999955	13.600000000000023	-26.80000000000001	0.1999999999999993	13.600000000000023	-25.0	-1.0	16.600000000000023	-15.800000000000011	-12.200000000000045	15.400000000000006	-31.600000000000023	2.599999999999909	13.200000000000003	-13.199999999999989	-15.799999999999955	15.399999999999999	-26.600000000000023	-1.599999999999909	10.799999999999997	-13.0	-12.400000000000091	16.400000000000006	-26.600000000000023	-3.400000000000091	11.600000000000001	-19.0	-11.400000000000091	

-33.0	-36.0	59.200000000000045	-86.19999999999999	21.399999999999977	0.40000000000000036	-88.39999999999998	11.199999999999989	-0.4	-64.19999999999999	7.800000000000011	-12.0	-111.0	8.800000000000011	50.59999999999991	-69.0	-11.800000000000011	15.200000000000045	-71.6	-3.0	111.79999999999995	-53.0	-28.0	44.0	-33.0	-10.600000000000023	126.79999999999995	-32.4	-34.39999999999998	93.40000000000009	
-2.3999999999999986	-23.80000000000001	1.0	-25.600000000000023	-18.80000000000001	0.7999999999999998	-24.80000000000001	-23.399999999999977	0.3999999999999999	-14.399999999999977	-15.199999999999989	-8.799999999999955	-28.400000000000006	-32.80000000000001	33.59999999999991	-14.199999999999989	-20.399999999999977	-7.0	-9.200000000000003	-32.80000000000001	50.0	-9.4	-24.80000000000001	0.40000000000009095	7.0	-32.39999999999998	45.799999999999955	0.40000000000000036	-32.80000000000001	19.40000000000009	
1.0	-29.0	2.2000000000000455	-22.0	-22.600000000000023	1.0	-19.600000000000023	-29.399999999999977	-2.2	-11.600000000000023	-20.399999999999977	-8.799999999999955	-21.80000000000001	-38.60000000000002	35.799999999999955	-7.599999999999994	-26.600000000000023	-4.0	-4.0	-38.39999999999998	51.200000000000045	-4.0	-29.80000000000001	0.40000000000009095	14.200000000000003	-36.39999999999998	43.799999999999955	6.2	-36.0	20.200000000000045	
-23.0	-22.0	10.0	-38.19999999999999	-8.0	-1.5999999999999996	-38.39999999999998	-5.199999999999989	0.2	-29.19999999999999	2.3999999999999773	-25.200000000000045	-53.60000000000002	-18.600000000000023	10.400000000000091	-32.400000000000006	-7.600000000000023	-12.400000000000091	-37.2	-22.19999999999999	39.200000000000045	-31.0	-13.800000000000011	1.7999999999999545	-22.6	-25.399999999999977	50.0	-23.6	-26.19999999999999	28.200000000000045	
-17.0	-8.600000000000023	-27.200000000000045	-0.39999999999997726	-21.600000000000023	1.5999999999999996	1.6000000000000227	-13.600000000000023	-1.8	6.199999999999989	2.8000000000000114	-44.0	-13.199999999999989	-36.19999999999999	-38.200000000000045	-3.1999999999999886	0.6000000000000227	-41.799999999999955	-18.6	-38.39999999999998	-28.799999999999955	-13.0	-3.3999999999999773	-38.799999999999955	-20.6	-40.0	-12.799999999999955	-21.8	-21.0	-25.0	

-17.799999999999997	-27.19999999999999	30.40000000000009	-39.19999999999999	1.6000000000000227	3.0	-42.0	-1.6000000000000227	-2.0	-27.0	-0.39999999999997726	-13.200000000000045	-57.80000000000001	-5.399999999999977	26.40000000000009	-34.19999999999999	-11.600000000000023	1.2000000000000455	-46.80000000000001	-12.0	66.59999999999991	-32.2	-22.80000000000001	18.40000000000009	-26.4	-14.800000000000011	85.59999999999991	-23.0	-29.80000000000001	58.40000000000009	
-16.799999999999997	-26.0	6.0	-32.0	-11.399999999999977	-0.5999999999999996	-29.399999999999977	-16.600000000000023	0.0	-19.0	-7.0	-21.399999999999977	-45.0	-27.0	15.0	-24.400000000000006	-15.800000000000011	-17.0	-36.0	-33.80000000000001	43.40000000000009	-24.6	-23.600000000000023	-7.400000000000091	-23.4	-39.60000000000002	56.59999999999991	-18.2	-40.39999999999998	25.59999999999991	
-12.200000000000003	-26.600000000000023	1.0	-20.80000000000001	-17.399999999999977	1.7999999999999998	-20.399999999999977	-19.19999999999999	-0.4	-13.600000000000023	-13.399999999999977	-14.399999999999977	-31.0	-26.600000000000023	13.0	-16.19999999999999	-19.600000000000023	-10.799999999999955	-22.799999999999997	-32.19999999999999	32.40000000000009	-16.8	-25.0	-5.400000000000091	-11.600000000000001	-32.60000000000002	40.799999999999955	-12.2	-36.19999999999999	17.0	
-16.0	-25.80000000000001	16.40000000000009	-27.80000000000001	-5.199999999999989	-0.5999999999999996	-26.80000000000001	-8.600000000000023	-2.4	-18.19999999999999	-5.199999999999989	-12.799999999999955	-42.19999999999999	-12.600000000000023	16.799999999999955	-22.80000000000001	-13.600000000000023	-4.2000000000000455	-31.400000000000006	-17.19999999999999	48.40000000000009	-21.0	-20.399999999999977	7.599999999999909	-17.8	-22.600000000000023	59.59999999999991	-15.399999999999999	-30.19999999999999	36.40000000000009	
2.0	-1.0	-44.0	14.199999999999989	-25.80000000000001	0.0	26.600000000000023	-19.399999999999977	2.4	25.0	-4.0	-28.600000000000023	17.0	-40.80000000000001	-27.0	22.0	-4.0	-38.799999999999955	11.0	-42.80000000000001	-33.799999999999955	12.6	-2.0	-42.799999999999955	2.0	-45.0	-31.200000000000045	2.799999999999997	-22.80000000000001	-48.40000000000009	

14.200000000000003	-26.19999999999999	-12.200000000000045	-4.600000000000023	-19.399999999999977	0.1999999999999993	1.8000000000000114	-23.600000000000023	-0.4	9.199999999999989	-16.0	-9.200000000000045	-5.600000000000023	-32.39999999999998	22.59999999999991	13.199999999999989	-22.600000000000023	-9.400000000000091	3.5999999999999943	-40.39999999999998	36.40000000000009	12.8	-26.19999999999999	-8.799999999999955	21.0	-48.19999999999999	36.799999999999955	18.799999999999997	-42.60000000000002	5.0	
-28.200000000000003	-13.600000000000023	2.599999999999909	-14.399999999999977	-3.1999999999999886	-1.2000000000000002	-17.0	0.6000000000000227	1.6	-11.399999999999977	3.1999999999999886	-22.200000000000045	-34.39999999999998	-7.199999999999989	-11.799999999999955	-21.599999999999994	-1.0	-18.200000000000045	-38.80000000000001	-13.199999999999989	6.400000000000091	-28.200000000000003	-6.800000000000011	-6.2000000000000455	-42.2	-21.0	29.0	-35.0	-20.19999999999999	14.599999999999909	
-14.200000000000003	-9.800000000000011	4.0	-7.800000000000011	-5.199999999999989	0.0	-9.399999999999977	-2.3999999999999773	-0.19999999999999996	-5.400000000000006	-1.0	-12.399999999999977	-19.600000000000023	-7.199999999999989	-5.0	-10.800000000000011	-2.3999999999999773	-11.0	-22.400000000000006	-10.600000000000023	4.2000000000000455	-13.600000000000001	-6.399999999999977	-4.599999999999909	-22.2	-12.199999999999989	17.799999999999955	-18.4	-13.0	8.0	
-36.2	-18.600000000000023	-8.200000000000045	-25.0	-7.199999999999989	0.7999999999999998	-23.0	-4.600000000000023	-0.6000000000000001	-17.19999999999999	0.0	-28.200000000000045	-42.80000000000001	-17.600000000000023	-20.799999999999955	-28.19999999999999	-2.1999999999999886	-27.0	-48.599999999999994	-23.0	-1.0	-35.0	-10.0	-20.40000000000009	-53.2	-30.399999999999977	18.799999999999955	-43.599999999999994	-27.0	0.599999999999909	
8.400000000000006	4.600000000000023	-55.200000000000045	17.0	-29.0	-1.2000000000000002	31.600000000000023	-21.0	1.0	31.19999999999999	-6.0	-33.799999999999955	27.399999999999977	-44.60000000000002	-29.0	31.400000000000006	-1.6000000000000227	-40.59999999999991	20.400000000000006	-48.19999999999999	-42.59999999999991	22.6	0.8000000000000114	-47.40000000000009	13.8	-51.19999999999999	-45.59999999999991	11.200000000000003	-20.399999999999977	-61.0	

-22.599999999999994	-16.0	-38.40000000000009	-2.0	-11.199999999999989	-1.0	5.800000000000011	-10.600000000000023	0.6000000000000001	10.599999999999994	0.6000000000000227	-42.799999999999955	-14.199999999999989	-22.399999999999977	-36.0	1.8000000000000114	-1.6000000000000227	-46.200000000000045	-27.19999999999999	-31.0	-28.40000000000009	-11.400000000000006	-8.600000000000023	-44.799999999999955	-44.0	-40.799999999999955	-10.0	-32.19999999999999	-32.39999999999998	-30.799999999999955	
-16.0	-5.600000000000023	-20.799999999999955	5.399999999999977	-7.399999999999977	-0.7999999999999998	8.800000000000011	-1.8000000000000114	-1.6	8.0	5.0	-23.399999999999977	-6.199999999999989	-10.0	-28.200000000000045	2.4000000000000057	2.3999999999999773	-25.40000000000009	-15.399999999999977	-14.800000000000011	-23.59999999999991	-8.599999999999994	0.0	-26.40000000000009	-26.400000000000006	-18.200000000000045	-9.799999999999955	-21.19999999999999	-11.0	-19.0	
-17.80000000000001	-12.200000000000045	-14.0	-5.800000000000011	-6.600000000000023	0.40000000000000036	-5.600000000000023	-4.800000000000011	0.19999999999999996	-3.1999999999999886	-3.3999999999999773	-17.399999999999977	-14.399999999999977	-11.199999999999989	-14.599999999999909	-7.599999999999994	-3.8000000000000114	-19.0	-20.80000000000001	-15.800000000000011	-9.0	-13.799999999999997	-6.800000000000011	-15.799999999999955	-27.19999999999999	-22.0	1.2000000000000455	-21.80000000000001	-16.399999999999977	-6.7999999999999545	
-30.80000000000001	-6.7999999999999545	-40.40000000000009	3.3999999999999773	-13.199999999999989	0.1999999999999993	6.800000000000011	-5.800000000000011	-0.4	9.199999999999989	4.199999999999989	-40.200000000000045	-13.600000000000023	-22.0	-42.799999999999955	-0.8000000000000114	3.3999999999999773	-46.200000000000045	-28.19999999999999	-31.0	-40.59999999999991	-14.799999999999997	2.3999999999999773	-46.59999999999991	-49.19999999999999	-39.60000000000002	-23.0	-38.400000000000006	-23.399999999999977	-39.0	
-3.1999999999999886	15.600000000000023	-79.0	18.80000000000001	-28.399999999999977	-2.4000000000000004	34.19999999999999	-16.0	2.0	29.80000000000001	2.0	-44.799999999999955	22.600000000000023	-49.60000000000002	-63.40000000000009	25.80000000000001	6.399999999999977	-59.799999999999955	9.800000000000011	-59.60000000000002	-83.0	16.200000000000003	13.800000000000011	-74.20000000000005	-11.400000000000006	-73.39999999999998	-91.0	-6.0	-19.600000000000023	-104.0	

-6.800000000000011	13.600000000000023	-33.799999999999955	11.800000000000011	-5.399999999999977	1.4000000000000004	13.0	3.1999999999999886	0.4	11.800000000000011	9.800000000000011	-19.399999999999977	6.800000000000011	-5.800000000000011	-28.59999999999991	9.599999999999994	9.800000000000011	-25.59999999999991	-0.6000000000000227	-10.199999999999989	-36.200000000000045	3.0	10.0	-28.0	-16.80000000000001	-15.799999999999955	-37.40000000000009	-11.199999999999989	0.0	-39.0	
12.199999999999989	16.799999999999955	-17.200000000000045	18.0	-0.8000000000000114	0.20000000000000018	20.600000000000023	2.3999999999999773	1.0	16.80000000000001	4.800000000000011	-3.6000000000000227	23.600000000000023	-4.600000000000023	-12.200000000000045	17.400000000000006	8.800000000000011	-7.7999999999999545	21.0	-4.399999999999977	-25.200000000000045	17.799999999999997	14.0	-14.0	17.19999999999999	-5.0	-35.0	15.800000000000011	10.200000000000045	-29.40000000000009	
7.0	4.600000000000023	-18.59999999999991	5.0	-5.600000000000023	1.5999999999999996	8.800000000000011	-4.199999999999989	0.19999999999999996	7.0	-1.6000000000000227	-7.399999999999977	9.199999999999989	-12.0	-11.599999999999909	9.199999999999989	0.8000000000000114	-9.0	8.199999999999989	-12.800000000000011	-17.200000000000045	9.400000000000006	3.6000000000000227	-12.200000000000045	6.199999999999989	-15.799999999999955	-22.40000000000009	7.599999999999994	-4.0	-25.0	
8.400000000000006	12.399999999999977	-22.799999999999955	17.0	-1.3999999999999773	2.8	23.0	3.1999999999999886	0.0	18.0	7.800000000000011	-11.600000000000023	19.0	-2.3999999999999773	-22.40000000000009	16.80000000000001	9.800000000000011	-15.400000000000091	12.800000000000011	-5.600000000000023	-34.40000000000009	12.799999999999997	13.399999999999977	-19.59999999999991	1.3999999999999773	-8.0	-36.59999999999991	4.400000000000006	6.399999999999977	-33.40000000000009	
35.0	46.39999999999998	-88.20000000000005	47.60000000000002	-26.80000000000001	0.40000000000000036	60.60000000000002	-10.0	-0.6	53.80000000000001	5.800000000000011	-30.600000000000023	65.60000000000002	-42.0	-52.200000000000045	59.19999999999999	15.600000000000023	-45.799999999999955	65.39999999999998	-51.0	-91.0	55.599999999999994	29.19999999999999	-69.0	55.80000000000001	-60.799999999999955	-127.40000000000009	50.80000000000001	8.600000000000023	-125.40000000000009	

31.80000000000001	34.60000000000002	-32.59999999999991	18.600000000000023	-3.8000000000000114	-1.5999999999999996	24.0	4.0	-1.0	20.80000000000001	8.199999999999989	-2.7999999999999545	33.60000000000002	-7.600000000000023	-7.599999999999909	28.0	13.800000000000011	-5.599999999999909	45.19999999999999	-8.199999999999989	-27.799999999999955	31.80000000000001	22.600000000000023	-17.40000000000009	55.0	-11.600000000000023	-53.200000000000045	45.19999999999999	20.399999999999977	-51.0	
43.400000000000006	24.0	-7.2000000000000455	23.19999999999999	0.19999999999998863	1.0	25.19999999999999	2.3999999999999773	0.0	23.600000000000023	4.0	8.600000000000023	37.0	-0.6000000000000227	8.400000000000091	30.19999999999999	7.600000000000023	8.599999999999909	47.0	0.39999999999997726	-2.400000000000091	37.400000000000006	14.199999999999989	2.7999999999999545	67.0	4.600000000000023	-19.0	57.39999999999998	18.399999999999977	-15.799999999999955	
12.800000000000011	-1.2000000000000455	-5.400000000000091	0.19999999999998863	-6.800000000000011	0.5999999999999996	4.600000000000023	-7.199999999999989	0.0	3.1999999999999886	-4.0	3.0	4.600000000000023	-10.800000000000011	5.400000000000091	7.199999999999989	-5.0	1.7999999999999545	8.0	-14.399999999999977	5.400000000000091	9.400000000000006	-5.0	-1.400000000000091	16.80000000000001	-19.799999999999955	3.599999999999909	17.600000000000023	-10.799999999999955	-4.0	
43.0	22.799999999999955	-10.200000000000045	26.399999999999977	1.3999999999999773	-1.0	31.0	1.8000000000000114	-0.6	30.80000000000001	3.8000000000000114	8.799999999999955	40.19999999999999	2.6000000000000227	8.799999999999955	35.80000000000001	6.199999999999989	8.799999999999955	48.60000000000002	3.1999999999999886	1.0	40.400000000000006	10.800000000000011	4.599999999999909	64.60000000000002	4.399999999999977	-13.200000000000045	55.80000000000001	14.799999999999955	-10.0	
79.4	53.0	-117.0	47.19999999999999	-33.80000000000001	-3.0	70.60000000000002	-19.600000000000023	0.4	64.60000000000002	-1.8000000000000114	-25.200000000000045	84.80000000000001	-56.0	-37.0	78.4	9.600000000000023	-42.0	97.19999999999999	-70.60000000000002	-85.79999999999995	89.4	26.399999999999977	-73.59999999999991	113.80000000000001	-91.20000000000005	-143.5999999999999	105.80000000000001	1.0	-152.79999999999995	

54.19999999999999	6.0	-7.7999999999999545	88.0	33.6	2.8000000000000007	108.4	-2.3999999999999773	-1.4	87.0	-34.200000000000045	89.20000000000005	106.60000000000002	34.80000000000001	42.799999999999955	90.4	-17.399999999999977	49.40000000000009	74.80000000000001	26.599999999999994	-0.40000000000009095	76.39999999999998	-2.3999999999999773	15.0	58.39999999999998	20.80000000000001	-17.200000000000045	57.80000000000001	13.0	-10.400000000000091	
20.80000000000001	-8.0	0.599999999999909	31.799999999999997	7.200000000000003	0.5999999999999996	39.0	-20.19999999999999	-3.4	28.799999999999997	-35.60000000000002	53.59999999999991	49.400000000000006	8.200000000000003	50.0	36.0	-28.19999999999999	32.200000000000045	39.0	6.200000000000003	22.59999999999991	30.399999999999977	-15.800000000000011	10.599999999999909	29.600000000000023	5.0	3.2000000000000455	28.80000000000001	-2.5999999999999943	1.599999999999909	
10.799999999999997	-21.399999999999977	-1.7999999999999545	23.799999999999997	-15.600000000000001	1.7999999999999998	23.400000000000006	-45.0	-0.19999999999999996	14.400000000000006	-45.0	20.200000000000045	39.599999999999994	-19.400000000000006	50.200000000000045	20.0	-37.0	9.200000000000045	32.0	-15.799999999999997	24.59999999999991	17.600000000000023	-27.80000000000001	0.20000000000004547	28.19999999999999	-13.800000000000011	9.799999999999955	22.599999999999994	-20.19999999999999	2.7999999999999545	
28.599999999999994	-5.199999999999989	11.799999999999955	22.400000000000006	18.2	-2.4000000000000004	27.0	-18.19999999999999	-0.19999999999999996	21.799999999999997	-35.0	62.200000000000045	49.80000000000001	17.599999999999994	79.40000000000009	38.599999999999994	-30.0	45.0	46.0	15.399999999999999	46.0	39.19999999999999	-16.399999999999977	25.799999999999955	43.39999999999998	14.0	20.200000000000045	39.0	-1.1999999999999886	14.799999999999955	
2.200000000000003	-7.399999999999977	-11.799999999999955	23.200000000000003	-18.200000000000003	-2.1999999999999993	27.799999999999997	-24.80000000000001	-0.4	23.0	-18.0	-9.400000000000091	26.400000000000006	-22.400000000000006	-0.599999999999909	17.200000000000003	-14.0	-14.400000000000091	16.19999999999999	-17.0	-7.7999999999999545	10.0	-10.199999999999989	-14.200000000000045	12.800000000000011	-13.599999999999994	-7.2000000000000455	8.400000000000006	-13.0	-11.799999999999955	

53.80000000000001	2.3999999999999773	19.799999999999955	28.0	43.2	-0.40000000000000036	33.400000000000006	5.199999999999989	0.19999999999999996	29.400000000000006	-28.19999999999999	102.40000000000009	62.599999999999994	47.400000000000006	90.79999999999995	54.599999999999994	-22.399999999999977	81.59999999999991	63.19999999999999	37.6	51.200000000000045	61.0	-11.399999999999977	49.59999999999991	60.19999999999999	31.599999999999994	19.200000000000045	59.19999999999999	14.0	24.200000000000045	
39.400000000000006	-30.80000000000001	-2.599999999999909	36.2	-20.0	0.0	43.599999999999994	-60.19999999999999	-0.4	35.2	-66.0	47.799999999999955	73.4	-24.80000000000001	92.20000000000005	50.400000000000006	-58.39999999999998	32.40000000000009	73.0	-20.400000000000006	54.0	51.80000000000001	-44.39999999999998	10.599999999999909	68.39999999999998	-16.400000000000006	20.0	57.400000000000006	-27.19999999999999	8.799999999999955	
15.400000000000006	-35.19999999999999	-17.0	22.200000000000003	-44.400000000000006	-1.5999999999999996	27.599999999999994	-74.80000000000001	0.8	22.200000000000003	-67.0	4.7999999999999545	51.2	-51.400000000000006	64.40000000000009	26.799999999999997	-59.80000000000001	-5.2000000000000455	49.0	-41.400000000000006	36.59999999999991	23.80000000000001	-46.19999999999999	-12.799999999999955	45.39999999999998	-37.400000000000006	11.0	31.0	-38.0	-4.599999999999909	
14.400000000000006	-12.199999999999989	30.0	-28.400000000000006	21.200000000000003	3.2	-34.80000000000001	-8.0	-0.6	-29.599999999999994	-26.0	60.40000000000009	-2.6000000000000014	26.0	92.0	-5.799999999999997	-26.19999999999999	60.200000000000045	18.400000000000006	21.4	75.59999999999991	11.0	-19.19999999999999	49.799999999999955	27.0	20.599999999999994	44.0	24.19999999999999	0.5999999999999943	43.200000000000045	
17.400000000000006	-20.80000000000001	-11.0	19.400000000000006	-26.200000000000003	-2.2	21.80000000000001	-37.60000000000002	0.0	19.80000000000001	-33.39999999999998	3.599999999999909	31.799999999999997	-27.80000000000001	25.799999999999955	20.799999999999997	-28.80000000000001	-4.400000000000091	27.19999999999999	-20.599999999999994	15.200000000000045	17.80000000000001	-24.600000000000023	-10.200000000000045	24.599999999999994	-20.599999999999994	4.0	18.19999999999999	-21.80000000000001	-5.2000000000000455	

48.400000000000006	-4.399999999999977	41.799999999999955	-9.800000000000011	47.599999999999994	2.5999999999999996	-10.199999999999989	8.800000000000011	4.6	-10.800000000000011	-26.19999999999999	108.0	31.6	58.400000000000006	109.59999999999991	25.4	-25.80000000000001	104.0	51.19999999999999	50.2	82.0	48.0	-17.0	77.0	56.60000000000002	45.0	37.0	59.400000000000006	17.600000000000023	48.799999999999955	
52.400000000000006	-49.19999999999999	-1.400000000000091	15.800000000000011	-21.0	2.4000000000000004	17.19999999999999	-73.0	1.8	18.80000000000001	-83.60000000000002	64.79999999999995	62.6	-28.599999999999994	135.0	46.8	-83.19999999999999	52.799999999999955	81.6	-26.599999999999994	94.20000000000005	59.400000000000006	-68.60000000000002	26.59999999999991	89.60000000000002	-26.400000000000006	40.40000000000009	75.19999999999999	-46.19999999999999	20.0	
3.200000000000003	-46.19999999999999	-6.2000000000000455	-18.19999999999999	-36.599999999999994	0.40000000000000036	-18.80000000000001	-69.39999999999998	2.4	-12.199999999999989	-64.60000000000002	12.799999999999955	7.0	-45.400000000000006	83.79999999999995	-3.8000000000000007	-67.19999999999999	10.599999999999909	25.80000000000001	-40.599999999999994	68.20000000000005	7.599999999999994	-59.19999999999999	3.599999999999909	34.80000000000001	-36.19999999999999	37.0	22.80000000000001	-47.39999999999998	14.799999999999955	
21.400000000000006	-16.80000000000001	7.599999999999909	0.8000000000000114	-4.599999999999994	0.5999999999999996	0.8000000000000114	-27.0	-1.4	5.0	-30.0	26.799999999999955	21.6	-7.800000000000011	66.79999999999995	16.4	-33.19999999999999	27.0	34.400000000000006	-7.400000000000006	50.40000000000009	23.19999999999999	-26.600000000000023	17.59999999999991	39.80000000000001	-4.400000000000006	29.40000000000009	32.80000000000001	-15.399999999999977	18.799999999999955	
12.200000000000003	-20.0	-11.599999999999909	10.400000000000006	-26.400000000000006	0.20000000000000018	18.0	-35.60000000000002	-0.19999999999999996	19.80000000000001	-26.80000000000001	-11.599999999999909	22.0	-34.400000000000006	22.40000000000009	18.799999999999997	-25.80000000000001	-12.599999999999909	25.0	-31.400000000000006	15.200000000000045	14.0	-25.399999999999977	-15.400000000000091	26.0	-27.400000000000006	6.7999999999999545	17.400000000000006	-25.80000000000001	-5.2000000000000455	

-5.399999999999999	-12.399999999999977	70.40000000000009	-52.0	32.400000000000006	1.7999999999999998	-66.39999999999998	20.19999999999999	0.0	-55.19999999999999	5.399999999999977	24.40000000000009	-62.0	43.599999999999994	53.59999999999991	-51.0	-5.600000000000023	50.799999999999955	-30.599999999999994	39.400000000000006	86.40000000000009	-29.4	-13.0	68.0	-6.0	40.19999999999999	85.20000000000005	-4.0	9.800000000000011	86.20000000000005	
-35.2	-34.80000000000001	38.799999999999955	-69.39999999999998	1.0	4.8	-86.60000000000002	-12.0	2.2	-73.80000000000001	-18.0	-10.799999999999955	-84.60000000000002	-0.8000000000000114	41.0	-74.6	-27.399999999999977	13.200000000000045	-58.0	-0.20000000000000284	79.79999999999995	-59.4	-33.60000000000002	36.0	-34.8	-0.8000000000000114	79.59999999999991	-34.0	-24.0	70.20000000000005	
-6.600000000000001	-31.399999999999977	22.0	-33.60000000000002	-10.599999999999994	-0.7999999999999998	-37.60000000000002	-19.600000000000023	0.2	-27.600000000000023	-19.19999999999999	-1.400000000000091	-34.0	-10.400000000000006	40.59999999999991	-25.400000000000006	-27.600000000000023	13.200000000000045	-15.799999999999997	-10.400000000000006	60.40000000000009	-15.8	-32.19999999999999	24.40000000000009	1.3999999999999986	-11.0	58.799999999999955	-1.5999999999999996	-26.399999999999977	43.59999999999991	
11.600000000000001	-30.19999999999999	26.200000000000045	-23.600000000000023	1.1999999999999886	3.0	-30.19999999999999	-15.800000000000011	-0.2	-21.600000000000023	-22.80000000000001	19.200000000000045	-19.80000000000001	-2.5999999999999943	61.59999999999991	-13.599999999999994	-30.0	29.0	2.6000000000000014	-3.0	73.59999999999991	-0.1999999999999993	-31.80000000000001	36.0	21.0	-2.0	61.200000000000045	18.0	-22.19999999999999	49.59999999999991	
0.6000000000000014	-31.600000000000023	-21.59999999999991	-3.6000000000000227	-33.0	7.800000000000001	3.6000000000000227	-43.60000000000002	0.2	10.399999999999977	-30.600000000000023	-17.0	3.4000000000000057	-46.0	31.0	10.199999999999989	-35.39999999999998	-18.0	10.799999999999997	-45.599999999999994	34.200000000000045	7.4	-37.60000000000002	-19.200000000000045	21.6	-44.0	27.0	12.4	-44.60000000000002	2.400000000000091	

2.799999999999997	-7.600000000000023	50.40000000000009	-19.399999999999977	18.80000000000001	-0.40000000000000036	-28.399999999999977	13.800000000000011	-1.4	-24.600000000000023	1.6000000000000227	24.200000000000045	-23.399999999999977	30.599999999999994	39.40000000000009	-23.19999999999999	-3.3999999999999773	38.59999999999991	-9.800000000000011	31.0	56.0	-10.799999999999997	-6.199999999999989	51.200000000000045	7.199999999999999	32.599999999999994	56.799999999999955	8.799999999999997	11.399999999999977	61.799999999999955	
4.200000000000003	-32.19999999999999	35.40000000000009	-29.19999999999999	-1.0	-0.5999999999999996	-28.399999999999977	-13.399999999999977	2.0	-18.0	-17.399999999999977	4.0	-29.600000000000023	-6.0	45.0	-19.599999999999994	-24.19999999999999	18.0	-14.599999999999994	-4.0	73.20000000000005	-11.200000000000003	-30.19999999999999	30.40000000000009	7.399999999999999	-3.4000000000000057	74.59999999999991	6.199999999999999	-25.399999999999977	58.799999999999955	
-11.0	-37.0	26.200000000000045	-29.600000000000023	-6.0	1.4000000000000004	-36.0	-20.80000000000001	-1.2	-26.80000000000001	-20.600000000000023	-4.400000000000091	-41.80000000000001	-12.199999999999989	35.0	-30.0	-26.399999999999977	7.0	-27.0	-15.400000000000006	63.0	-25.0	-34.80000000000001	19.799999999999955	-9.2	-13.800000000000011	70.40000000000009	-9.200000000000003	-31.399999999999977	53.200000000000045	
-1.5999999999999943	-18.19999999999999	24.59999999999991	-19.19999999999999	-0.19999999999998863	0.20000000000000018	-22.399999999999977	-4.800000000000011	-1.6	-17.0	-9.199999999999989	6.7999999999999545	-22.80000000000001	3.1999999999999886	31.799999999999955	-16.599999999999994	-16.80000000000001	17.799999999999955	-11.400000000000006	2.8000000000000114	50.40000000000009	-9.399999999999999	-19.600000000000023	24.799999999999955	3.0	3.8000000000000114	52.59999999999991	2.8000000000000007	-11.0	46.59999999999991	
1.2000000000000028	-31.80000000000001	-22.40000000000009	-8.399999999999977	-27.599999999999994	3.4000000000000004	0.6000000000000227	-37.80000000000001	1.2	5.600000000000023	-25.19999999999999	-19.59999999999991	-6.0	-46.19999999999999	20.59999999999991	4.400000000000006	-32.0	-24.0	-0.5999999999999943	-48.0	29.59999999999991	4.0	-34.0	-23.200000000000045	9.8	-50.0	30.59999999999991	4.600000000000001	-49.80000000000001	-1.7999999999999545	

6.200000000000003	-41.39999999999998	38.59999999999991	-32.19999999999999	2.1999999999999886	1.7999999999999998	-35.60000000000002	-12.600000000000023	-0.19999999999999996	-27.19999999999999	-19.19999999999999	15.599999999999909	-37.60000000000002	2.0	55.200000000000045	-23.0	-30.600000000000023	27.59999999999991	-19.19999999999999	1.4000000000000057	85.40000000000009	-12.799999999999997	-38.80000000000001	41.200000000000045	10.399999999999999	0.4000000000000057	87.59999999999991	8.799999999999997	-31.0	71.59999999999991	
-28.19999999999999	-39.80000000000001	11.0	-29.19999999999999	-11.400000000000006	-1.4000000000000004	-29.600000000000023	-18.0	-2.8	-18.80000000000001	-15.0	-18.0	-45.19999999999999	-19.399999999999977	11.400000000000091	-26.399999999999977	-23.19999999999999	-16.200000000000045	-43.19999999999999	-23.0	41.200000000000045	-32.19999999999999	-31.600000000000023	-3.400000000000091	-36.8	-27.400000000000006	61.59999999999991	-31.799999999999997	-40.19999999999999	37.200000000000045	
-5.599999999999994	-28.0	7.0	-14.800000000000011	-6.599999999999994	-1.0	-10.199999999999989	-15.800000000000011	0.0	-8.0	-14.199999999999989	-5.400000000000091	-21.0	-16.600000000000023	13.599999999999909	-9.800000000000011	-20.600000000000023	-3.2000000000000455	-17.0	-19.0	32.200000000000045	-9.400000000000006	-26.0	2.0	-7.600000000000001	-20.80000000000001	41.59999999999991	-7.400000000000006	-32.0	25.799999999999955	
-24.80000000000001	-26.19999999999999	18.799999999999955	-28.80000000000001	-3.0	-1.4000000000000004	-31.80000000000001	-5.199999999999989	0.19999999999999996	-26.399999999999977	-5.600000000000023	-10.400000000000091	-43.39999999999998	-5.800000000000011	10.400000000000091	-30.80000000000001	-13.0	-2.599999999999909	-40.599999999999994	-6.400000000000006	35.0	-30.80000000000001	-20.399999999999977	6.400000000000091	-33.0	-7.199999999999989	52.799999999999955	-28.200000000000003	-23.399999999999977	37.40000000000009	
0.0	-55.39999999999998	-51.799999999999955	-16.80000000000001	-42.19999999999999	1.0	-5.399999999999977	-54.39999999999998	-0.4	10.199999999999989	-39.39999999999998	-32.799999999999955	-23.0	-75.60000000000002	19.799999999999955	8.199999999999989	-47.60000000000002	-39.59999999999991	-13.800000000000011	-84.4	37.799999999999955	4.200000000000003	-54.60000000000002	-49.799999999999955	-0.7999999999999972	-100.60000000000002	43.799999999999955	0.5999999999999943	-90.80000000000001	-18.200000000000045	

-34.80000000000001	-39.0	60.40000000000009	-34.60000000000002	11.199999999999989	-0.7999999999999998	-40.60000000000002	3.0	0.4	-34.60000000000002	-6.399999999999977	1.400000000000091	-52.39999999999998	16.599999999999994	23.799999999999955	-44.0	-14.600000000000023	15.0	-53.0	22.0	61.799999999999955	-46.0	-28.399999999999977	38.40000000000009	-42.80000000000001	25.400000000000006	93.0	-40.19999999999999	-12.800000000000011	89.79999999999995	
-37.19999999999999	-23.799999999999955	-1.2000000000000455	-18.399999999999977	-6.400000000000006	-2.4000000000000004	-17.200000000000045	-5.800000000000011	0.6	-13.199999999999989	-2.8000000000000114	-22.200000000000045	-33.39999999999998	-10.0	-11.200000000000045	-21.600000000000023	-8.600000000000023	-22.0	-45.0	-12.799999999999997	6.2000000000000455	-35.60000000000002	-15.600000000000023	-15.599999999999909	-55.599999999999994	-14.0	29.799999999999955	-46.39999999999998	-25.600000000000023	15.400000000000091	
-19.599999999999994	-24.0	-2.400000000000091	-8.600000000000023	-11.0	-1.0	-8.200000000000045	-12.199999999999989	-0.6	-5.800000000000011	-7.399999999999977	-13.200000000000045	-20.0	-15.0	-3.599999999999909	-10.399999999999977	-12.0	-14.400000000000091	-26.399999999999977	-17.799999999999997	10.400000000000091	-15.600000000000023	-19.399999999999977	-11.0	-29.400000000000006	-20.400000000000006	25.799999999999955	-22.599999999999994	-27.19999999999999	10.799999999999955	
-20.80000000000001	-24.799999999999955	15.0	-12.199999999999989	-2.0	-0.5999999999999996	-10.0	-3.6000000000000227	-1.8	-5.399999999999977	-3.0	-9.400000000000091	-22.200000000000045	-3.0	0.20000000000004547	-15.0	-7.199999999999989	-5.7999999999999545	-28.600000000000023	-2.0	15.599999999999909	-21.0	-12.800000000000011	3.0	-32.0	-0.5999999999999943	34.59999999999991	-28.80000000000001	-14.199999999999989	30.799999999999955	
-1.1999999999999886	-95.60000000000002	-64.0	-16.0	-50.80000000000001	3.4000000000000004	3.1999999999999886	-65.0	0.8	23.0	-47.39999999999998	-42.39999999999998	-33.39999999999998	-88.60000000000002	18.59999999999991	18.399999999999977	-64.39999999999998	-53.200000000000045	-39.60000000000002	-107.4	55.799999999999955	9.400000000000006	-82.19999999999999	-61.40000000000009	-33.80000000000001	-134.2	87.79999999999995	-15.599999999999994	-138.2	-1.599999999999909	

-63.60000000000002	-34.39999999999998	-12.200000000000045	-22.80000000000001	-2.0	-2.8	-19.799999999999955	-2.6000000000000227	-1.8	-16.19999999999999	2.0	-33.799999999999955	-47.799999999999955	-8.199999999999989	-24.40000000000009	-31.19999999999999	-5.600000000000023	-34.59999999999991	-66.0	-10.200000000000003	-6.599999999999909	-48.0	-17.0	-29.40000000000009	-97.0	-16.0	32.40000000000009	-83.39999999999998	-33.60000000000002	12.400000000000091	
-9.600000000000023	-10.399999999999977	-22.200000000000045	1.0	-2.8000000000000114	-1.7999999999999998	3.7999999999999545	-6.0	1.0	5.399999999999977	-1.0	-12.799999999999955	-4.2000000000000455	-11.199999999999989	-7.7999999999999545	5.0	-1.0	-15.599999999999909	-10.0	-14.800000000000011	-10.599999999999909	1.0	-4.399999999999977	-20.0	-20.399999999999977	-22.400000000000006	-1.400000000000091	-13.399999999999977	-17.19999999999999	-15.599999999999909	
-3.3999999999999773	-28.799999999999955	-14.0	-3.8000000000000114	-13.400000000000006	-0.40000000000000036	2.2000000000000455	-14.600000000000023	-1.4	6.0	-12.600000000000023	-10.799999999999955	-10.399999999999977	-21.19999999999999	1.599999999999909	4.399999999999977	-16.399999999999977	-13.200000000000045	-17.600000000000023	-25.599999999999994	11.799999999999955	-1.1999999999999886	-21.19999999999999	-13.799999999999955	-24.19999999999999	-34.80000000000001	25.0	-11.399999999999977	-38.0	1.7999999999999545	
-35.19999999999999	-20.0	-7.599999999999909	-11.600000000000023	-2.0	1.2000000000000002	-9.600000000000023	-3.3999999999999773	1.2	-8.399999999999977	0.19999999999998863	-18.200000000000045	-23.200000000000045	-8.199999999999989	-14.400000000000091	-14.800000000000011	-4.600000000000023	-20.40000000000009	-36.799999999999955	-11.200000000000003	-6.0	-25.80000000000001	-10.600000000000023	-16.59999999999991	-58.0	-11.199999999999989	14.799999999999955	-47.80000000000001	-20.80000000000001	4.2000000000000455	
24.600000000000023	-63.200000000000045	-135.20000000000005	0.0	-56.0	2.8	25.0	-59.19999999999999	-1.2	40.0	-35.0	-46.60000000000002	-6.7999999999999545	-97.80000000000001	-15.0	45.60000000000002	-44.19999999999999	-70.59999999999991	-18.0	-130.4	-13.599999999999909	43.60000000000002	-52.60000000000002	-102.40000000000009	-30.80000000000001	-181.0	0.40000000000009095	6.399999999999977	-139.60000000000002	-95.40000000000009	

0.6000000000000227	-29.200000000000045	-1.599999999999909	-9.199999999999989	-2.0	1.1999999999999993	-6.800000000000011	-8.800000000000011	-0.6000000000000001	-2.6000000000000227	-6.199999999999989	-2.6000000000000227	-18.200000000000045	-10.599999999999994	10.599999999999909	-2.8000000000000114	-11.800000000000011	-2.599999999999909	-20.80000000000001	-15.599999999999994	25.40000000000009	-2.1999999999999886	-19.600000000000023	-2.7999999999999545	-18.600000000000023	-24.0	44.59999999999991	-7.199999999999989	-35.60000000000002	20.799999999999955	
42.80000000000001	-1.6000000000000227	-16.59999999999991	12.399999999999977	-3.4000000000000057	0.0	18.80000000000001	-4.199999999999989	1.0	21.399999999999977	-3.1999999999999886	4.600000000000023	19.799999999999955	-9.199999999999989	14.400000000000091	27.19999999999999	-3.1999999999999886	3.599999999999909	25.399999999999977	-15.400000000000006	13.799999999999955	36.60000000000002	-4.399999999999977	-2.599999999999909	43.80000000000001	-25.80000000000001	12.400000000000091	48.60000000000002	-18.399999999999977	-5.2000000000000455	
12.800000000000011	-4.2000000000000455	-14.0	4.800000000000011	-6.599999999999994	-4.2	5.800000000000011	-6.0	0.4	7.800000000000011	-3.8000000000000114	0.7999999999999545	7.2000000000000455	-9.600000000000023	2.599999999999909	10.600000000000023	-5.600000000000023	-2.400000000000091	8.399999999999977	-12.599999999999994	3.400000000000091	14.399999999999977	-4.399999999999977	-5.599999999999909	11.800000000000011	-18.80000000000001	3.400000000000091	16.399999999999977	-11.399999999999977	-9.799999999999955	
1.3999999999999773	14.600000000000023	-8.200000000000045	3.1999999999999886	5.400000000000006	1.4000000000000004	3.0	8.600000000000023	0.0	1.0	9.0	-5.2000000000000455	4.2000000000000455	3.5999999999999943	-7.400000000000091	1.1999999999999886	12.199999999999989	-5.0	2.3999999999999773	3.0	-14.799999999999955	2.1999999999999886	14.0	-6.599999999999909	1.0	2.4000000000000057	-17.40000000000009	1.6000000000000227	10.199999999999989	-16.799999999999955	
-25.399999999999977	-30.200000000000045	-104.40000000000009	-2.3999999999999773	-31.400000000000006	-3.8	11.399999999999977	-32.80000000000001	-2.0	20.600000000000023	-14.0	-40.60000000000002	-21.0	-62.0	-21.200000000000045	19.399999999999977	-21.399999999999977	-56.799999999999955	-41.200000000000045	-89.19999999999999	-17.200000000000045	7.800000000000011	-26.80000000000001	-82.20000000000005	-85.39999999999998	-130.0	1.7999999999999545	-44.19999999999999	-99.39999999999998	-82.0	

19.80000000000001	13.400000000000006	1.2000000000000455	14.799999999999997	28.0	0.40000000000000036	26.8	33.4	-0.19999999999999996	29.4	22.80000000000001	33.0	17.400000000000006	24.799999999999997	-3.400000000000091	29.400000000000006	19.599999999999994	17.200000000000045	14.0	17.200000000000003	-8.400000000000091	24.600000000000023	16.400000000000006	7.2000000000000455	12.800000000000011	15.600000000000001	-7.399999999999977	14.199999999999989	15.0	-3.599999999999909	
47.80000000000001	3.1999999999999886	-10.599999999999909	66.6	38.0	2.8000000000000007	96.8	19.2	0.6	88.6	-15.399999999999977	89.59999999999991	79.19999999999999	31.799999999999997	29.200000000000045	88.19999999999999	-9.0	44.40000000000009	57.400000000000006	16.0	0.20000000000004547	69.80000000000001	-3.799999999999997	8.400000000000091	44.599999999999994	11.399999999999999	-11.399999999999977	48.599999999999994	5.599999999999994	-11.400000000000091	
39.19999999999999	-15.599999999999994	-8.400000000000091	52.6	18.0	3.4000000000000004	78.0	-7.800000000000001	0.0	69.6	-37.39999999999998	78.79999999999995	69.0	12.600000000000001	41.799999999999955	69.6	-30.80000000000001	40.59999999999991	52.80000000000001	3.3999999999999986	14.400000000000091	54.80000000000001	-22.200000000000003	9.400000000000091	42.80000000000001	-1.2000000000000028	-3.2000000000000455	40.80000000000001	-9.799999999999997	-3.599999999999909	
13.199999999999989	3.200000000000003	1.7999999999999545	9.799999999999997	20.599999999999994	-1.2000000000000002	19.0	14.4	-1.0	19.799999999999997	-0.4000000000000057	30.799999999999955	16.6	19.6	14.200000000000045	24.19999999999999	0.19999999999998863	18.0	13.400000000000006	14.200000000000003	6.400000000000091	19.600000000000023	0.5999999999999943	7.0	13.400000000000006	9.399999999999999	0.39999999999997726	13.800000000000011	6.799999999999997	1.599999999999909	
10.0	-13.199999999999989	-4.2000000000000455	18.200000000000003	-5.599999999999994	4.2	25.0	-17.4	-1.4	20.400000000000006	-20.0	8.0	24.4	-7.0	15.0	18.80000000000001	-17.400000000000006	2.599999999999909	20.0	-7.200000000000003	6.599999999999909	15.0	-13.599999999999994	-3.599999999999909	17.400000000000006	-7.600000000000001	2.7999999999999545	14.800000000000011	-10.400000000000006	-1.599999999999909	

28.599999999999994	28.80000000000001	4.0	15.400000000000006	44.4	-0.1999999999999993	25.599999999999994	49.8	-1.0	25.80000000000001	31.19999999999999	51.40000000000009	26.4	51.8	-1.599999999999909	35.8	30.599999999999994	36.200000000000045	20.200000000000003	42.0	-15.400000000000091	38.19999999999999	30.799999999999997	19.40000000000009	18.400000000000006	34.8	-18.600000000000023	23.0	34.599999999999994	-6.2000000000000455	
63.2	-11.400000000000006	12.599999999999909	36.0	34.4	7.4	48.400000000000006	12.400000000000006	-0.4	44.0	-23.0	107.20000000000005	66.0	36.4	65.20000000000005	69.6	-19.600000000000023	82.59999999999991	66.2	23.200000000000003	34.40000000000009	75.4	-13.0	44.0	63.80000000000001	19.0	6.400000000000091	67.4	5.400000000000006	13.0	
53.0	-32.19999999999999	21.200000000000045	17.599999999999994	16.6	0.40000000000000036	26.0	-17.80000000000001	-0.8	22.19999999999999	-52.39999999999998	98.40000000000009	52.2	14.8	88.59999999999991	49.0	-48.80000000000001	81.40000000000009	59.0	8.0	59.40000000000009	59.0	-41.400000000000006	48.59999999999991	63.400000000000006	-0.4000000000000057	27.59999999999991	60.400000000000006	-15.800000000000011	27.200000000000045	
20.799999999999997	4.199999999999989	-0.7999999999999545	22.19999999999999	17.8	0.5999999999999996	31.80000000000001	11.400000000000006	1.0	31.19999999999999	0.39999999999997726	34.59999999999991	37.0	19.0	18.40000000000009	38.0	1.0	21.0	30.200000000000003	15.200000000000003	5.400000000000091	35.400000000000006	3.1999999999999886	10.0	30.400000000000006	11.200000000000003	-0.599999999999909	30.599999999999994	9.799999999999997	1.0	
15.600000000000001	-17.0	8.200000000000045	7.0	-2.5999999999999996	-0.5999999999999996	6.599999999999994	-17.80000000000001	3.0	6.600000000000023	-25.19999999999999	14.200000000000045	15.400000000000006	-4.799999999999997	33.40000000000009	11.799999999999997	-24.399999999999977	14.200000000000045	20.4	-5.199999999999999	26.40000000000009	15.0	-20.400000000000006	10.799999999999955	23.599999999999994	-7.799999999999997	17.59999999999991	20.4	-13.599999999999994	12.0	

45.599999999999994	30.19999999999999	9.599999999999909	21.0	44.6	-0.5999999999999996	25.600000000000023	48.19999999999999	0.4	24.399999999999977	22.399999999999977	72.79999999999995	41.2	56.2	16.799999999999955	41.8	25.80000000000001	60.200000000000045	38.8	45.2	-4.7999999999999545	52.19999999999999	27.80000000000001	38.0	36.0	39.6	-20.0	43.8	37.8	-4.0	
53.8	-11.800000000000011	51.0	-18.400000000000006	47.4	-0.7999999999999998	-25.19999999999999	21.19999999999999	0.19999999999999996	-24.19999999999999	-18.19999999999999	107.59999999999991	12.200000000000003	56.2	91.79999999999995	13.0	-21.399999999999977	111.40000000000009	36.4	47.8	75.79999999999995	42.400000000000006	-18.599999999999994	90.79999999999995	52.400000000000006	40.4	42.40000000000009	57.2	15.599999999999994	56.59999999999991	
14.0	-30.599999999999994	66.20000000000005	-48.60000000000002	17.0	0.7999999999999998	-69.19999999999999	-7.599999999999994	-0.6	-62.60000000000002	-32.0	55.0	-38.599999999999994	24.6	83.40000000000009	-38.400000000000006	-37.80000000000001	75.59999999999991	-4.8	23.6	94.59999999999991	-7.400000000000006	-37.400000000000006	82.20000000000005	17.400000000000006	20.599999999999994	76.59999999999991	17.799999999999997	-6.599999999999994	81.40000000000009	
13.4	-4.599999999999994	13.200000000000045	-4.800000000000011	16.6	2.5999999999999996	-9.800000000000011	6.599999999999994	-0.19999999999999996	-9.0	-5.0	32.799999999999955	3.0	20.6	30.200000000000045	2.4000000000000057	-5.0	34.40000000000009	11.8	16.6	27.799999999999955	13.400000000000006	-4.199999999999989	26.40000000000009	19.799999999999997	14.400000000000006	12.400000000000091	19.0	8.400000000000006	19.0	
15.6	-23.400000000000006	-4.2000000000000455	14.400000000000006	-15.600000000000001	0.5999999999999996	16.399999999999977	-27.0	0.8	18.0	-28.399999999999977	6.400000000000091	22.400000000000006	-19.0	28.59999999999991	17.799999999999997	-27.19999999999999	0.7999999999999545	23.0	-16.8	22.40000000000009	20.200000000000003	-25.19999999999999	-1.2000000000000455	26.4	-17.799999999999997	15.599999999999909	21.8	-21.599999999999994	5.599999999999909	

12.399999999999999	11.400000000000006	52.59999999999991	-22.0	30.2	3.0	-33.39999999999998	31.0	-1.2	-33.19999999999999	14.199999999999989	37.59999999999991	-18.80000000000001	44.0	24.799999999999955	-21.80000000000001	14.600000000000023	53.799999999999955	-6.800000000000001	42.6	31.40000000000009	-4.600000000000001	11.599999999999994	60.0	4.799999999999997	40.6	30.0	10.200000000000003	30.200000000000003	47.0	
5.0	-21.400000000000006	111.59999999999991	-58.0	30.2	1.1999999999999993	-84.19999999999999	15.800000000000011	-0.19999999999999996	-80.0	-12.600000000000023	53.200000000000045	-59.80000000000001	49.8	78.20000000000005	-64.0	-19.80000000000001	92.0	-24.200000000000003	49.6	107.20000000000005	-27.4	-22.80000000000001	117.40000000000009	6.399999999999999	50.0	99.59999999999991	9.8	16.0	118.59999999999991	
-4.0	-17.80000000000001	54.200000000000045	-35.39999999999998	8.600000000000001	1.5999999999999996	-47.60000000000002	-1.4000000000000057	0.0	-46.0	-15.199999999999989	16.799999999999955	-40.0	14.399999999999999	38.799999999999955	-40.0	-18.600000000000023	38.0	-22.200000000000003	15.799999999999997	58.0	-23.8	-21.80000000000001	55.200000000000045	-3.3999999999999986	16.799999999999997	57.799999999999955	-3.8	-2.1999999999999886	66.59999999999991	
26.6	-2.4000000000000057	33.200000000000045	-2.0	19.799999999999997	0.40000000000000036	-6.600000000000023	9.599999999999994	0.8	-6.800000000000011	-2.0	41.200000000000045	5.400000000000006	24.0	40.799999999999955	5.599999999999994	-5.0	49.40000000000009	17.6	23.4	40.799999999999955	20.2	-5.599999999999994	46.0	30.4	21.6	29.799999999999955	30.8	9.0	39.40000000000009	
27.2	-38.0	-7.0	10.399999999999977	-20.0	1.0	17.19999999999999	-40.19999999999999	0.3999999999999999	20.80000000000001	-42.60000000000002	10.0	23.0	-27.200000000000003	47.799999999999955	25.80000000000001	-46.80000000000001	5.2000000000000455	30.4	-28.2	45.0	29.0	-45.19999999999999	-1.0	41.4	-28.200000000000003	30.59999999999991	35.6	-40.19999999999999	13.400000000000091	

37.4	-3.1999999999999886	29.40000000000009	3.0	16.4	1.5999999999999996	-1.1999999999999886	9.0	1.4	-0.39999999999997726	-2.0	39.799999999999955	13.0	22.0	37.40000000000009	10.599999999999994	-5.199999999999989	47.799999999999955	26.400000000000006	20.200000000000003	34.799999999999955	28.4	-5.800000000000011	43.0	40.0	20.2	19.200000000000045	40.4	8.599999999999994	28.0	
22.4	-14.399999999999977	46.799999999999955	-16.600000000000023	13.399999999999999	2.4000000000000004	-23.0	4.599999999999994	0.0	-19.80000000000001	-11.0	33.40000000000009	-11.199999999999989	23.0	44.200000000000045	-12.400000000000006	-14.199999999999989	49.40000000000009	5.799999999999997	20.6	54.59999999999991	3.8000000000000007	-15.400000000000006	57.200000000000045	22.200000000000003	20.2	46.40000000000009	23.6	4.400000000000006	53.799999999999955	
-1.0	-21.600000000000023	35.200000000000045	-20.399999999999977	1.6000000000000014	-4.199999999999999	-27.19999999999999	-7.400000000000006	-1.0	-23.19999999999999	-13.199999999999989	12.200000000000045	-23.0	6.400000000000006	30.0	-23.19999999999999	-17.0	23.59999999999991	-11.0	9.0	42.799999999999955	-13.2	-21.19999999999999	34.59999999999991	2.0	10.600000000000001	44.40000000000009	1.8000000000000007	-7.400000000000006	44.799999999999955	
-0.1999999999999993	-17.19999999999999	51.40000000000009	-23.399999999999977	7.0	3.4000000000000004	-37.80000000000001	1.4000000000000057	0.6	-32.19999999999999	-8.0	19.59999999999991	-30.0	17.4	38.799999999999955	-32.60000000000002	-14.600000000000023	36.40000000000009	-15.400000000000006	21.799999999999997	56.40000000000009	-17.6	-18.0	50.0	3.6000000000000014	23.4	55.40000000000009	2.4	2.4000000000000057	63.40000000000009	
34.0	-45.19999999999999	-45.59999999999991	17.600000000000023	-25.400000000000006	0.20000000000000018	31.600000000000023	-47.0	-2.6	38.60000000000002	-41.80000000000001	-1.0	31.19999999999999	-41.400000000000006	34.200000000000045	45.19999999999999	-47.60000000000002	-15.400000000000091	38.8	-46.2	27.200000000000045	44.4	-49.599999999999994	-32.0	44.6	-52.0	13.0	41.0	-57.80000000000001	-18.799999999999955	

30.0	3.6000000000000227	76.59999999999991	-16.600000000000023	29.0	4.4	-27.0	24.400000000000006	-1.4	-28.0	6.199999999999989	43.59999999999991	-9.800000000000011	46.4	43.200000000000045	-21.600000000000023	3.6000000000000227	65.0	7.0	50.8	58.200000000000045	-0.7999999999999972	2.0	0.0	33.0	55.8	49.200000000000045	33.2	35.2	78.0	
-16.0	-30.80000000000001	48.40000000000009	-27.600000000000023	3.799999999999997	-3.1999999999999993	-35.39999999999998	-6.0	0.4	-28.80000000000001	-14.800000000000011	4.599999999999909	-37.80000000000001	8.200000000000003	30.40000000000009	-33.80000000000001	-20.399999999999977	17.799999999999955	-28.599999999999994	12.400000000000006	54.200000000000045	-28.0	-28.80000000000001	0.0	-15.4	16.799999999999997	62.799999999999955	-14.200000000000003	-10.799999999999997	66.40000000000009	
-28.0	-46.39999999999998	13.400000000000091	-27.0	-12.599999999999994	5.6	-30.399999999999977	-21.80000000000001	-0.8	-23.799999999999955	-22.80000000000001	-11.0	-40.799999999999955	-14.599999999999994	14.599999999999909	-29.0	-30.0	-7.599999999999909	-39.0	-15.200000000000003	39.200000000000045	-34.60000000000002	-40.0	3.599999999999909	-32.19999999999999	-14.200000000000003	57.59999999999991	-33.599999999999994	-38.0	46.40000000000009	
-50.19999999999999	-18.600000000000023	43.200000000000045	-23.0	3.0	-6.6	-35.799999999999955	3.8000000000000114	2.2	-33.0	0.39999999999997726	-11.200000000000045	-46.39999999999998	11.800000000000011	0.599999999999909	-45.0	-2.3999999999999773	-0.7999999999999545	-51.0	15.8	22.59999999999991	-52.60000000000002	-10.199999999999989	18.59999999999991	-50.0	25.6	46.0	-49.80000000000001	2.8000000000000114	54.0	
41.80000000000001	-59.0	10.400000000000091	-9.800000000000011	-11.800000000000011	3.0	-11.399999999999977	-29.80000000000001	-0.19999999999999996	0.0	-34.80000000000001	17.200000000000045	-12.0	-19.400000000000006	58.200000000000045	6.600000000000023	-45.19999999999999	22.59999999999991	5.199999999999989	-23.200000000000003	81.0	23.0	-57.80000000000001	23.0	37.0	-29.0	77.0	39.599999999999994	-55.19999999999999	51.200000000000045	

-69.0	-25.600000000000023	68.20000000000005	-24.80000000000001	11.0	0.0	-37.60000000000002	9.199999999999989	-0.4	-34.60000000000002	2.1999999999999886	-6.599999999999909	-51.39999999999998	23.80000000000001	3.400000000000091	-53.0	-4.0	4.599999999999909	-60.200000000000045	33.0	31.799999999999955	-68.79999999999995	-13.0	31.59999999999991	-66.39999999999998	53.4	68.79999999999995	-73.79999999999995	15.400000000000006	86.79999999999995	
-45.80000000000001	-15.399999999999977	23.0	-12.399999999999977	2.0	0.5999999999999996	-16.799999999999955	-2.1999999999999886	2.0	-13.399999999999977	-2.0	-13.799999999999955	-30.600000000000023	1.0	-5.2000000000000455	-23.600000000000023	-5.800000000000011	-12.599999999999909	-40.0	5.199999999999999	12.0	-40.799999999999955	-13.600000000000023	-1.0	-55.80000000000001	11.0	34.200000000000045	-56.200000000000045	-9.199999999999989	35.0	
-24.600000000000023	-18.600000000000023	2.7999999999999545	-8.0	-5.400000000000006	1.2000000000000002	-9.0	-7.399999999999977	-2.4	-6.0	-6.600000000000023	-11.0	-17.0	-6.599999999999994	-4.2000000000000455	-13.200000000000045	-8.800000000000011	-10.599999999999909	-22.19999999999999	-7.6	4.0	-18.600000000000023	-12.600000000000023	-8.200000000000045	-29.600000000000023	-3.4	17.59999999999991	-29.600000000000023	-16.400000000000006	12.599999999999909	
-50.80000000000001	-7.199999999999989	34.0	-14.0	2.1999999999999886	0.20000000000000018	-15.600000000000023	3.6000000000000227	0.2	-16.399999999999977	2.1999999999999886	-11.0	-26.799999999999955	7.800000000000011	-7.0	-30.0	-0.19999999999998863	-6.0	-34.799999999999955	17.2	3.400000000000091	-43.39999999999998	-2.6000000000000227	7.7999999999999545	-46.19999999999999	27.4	24.799999999999955	-53.200000000000045	12.800000000000011	37.59999999999991	
-13.199999999999989	-113.0	31.200000000000045	-37.39999999999998	-16.80000000000001	-0.40000000000000036	-35.60000000000002	-33.60000000000002	0.19999999999999996	-19.200000000000045	-40.60000000000002	-3.7999999999999545	-64.39999999999998	-23.19999999999999	45.59999999999991	-25.600000000000023	-59.60000000000002	2.400000000000091	-66.20000000000005	-24.4	100.59999999999991	-30.0	-87.19999999999999	18.799999999999955	-52.19999999999999	-28.6	148.0	-40.60000000000002	-97.19999999999999	109.59999999999991	

-25.399999999999977	-3.3999999999999773	31.59999999999991	-6.399999999999977	5.599999999999994	-0.5999999999999996	-6.399999999999977	8.600000000000023	-0.6000000000000001	-7.2000000000000455	4.600000000000023	3.0	-10.200000000000045	14.599999999999994	2.7999999999999545	-12.200000000000045	3.8000000000000114	5.2000000000000455	-15.0	18.799999999999997	11.200000000000045	-21.799999999999955	2.1999999999999886	14.400000000000091	-17.200000000000045	27.799999999999997	20.0	-24.399999999999977	15.400000000000006	0.000001	
-35.200000000000045	-18.0	-8.400000000000091	-7.800000000000011	0.19999999999998863	-0.7999999999999998	-8.200000000000045	-2.1999999999999886	1.4	-6.600000000000023	1.6000000000000227	-11.799999999999955	-18.399999999999977	-3.5999999999999943	-7.0	-12.399999999999977	-3.6000000000000227	-15.400000000000091	-27.0	-3.3999999999999986	-4.7999999999999545	-23.0	-8.199999999999989	-15.400000000000091	-47.39999999999998	0.5999999999999943	9.599999999999909	-46.39999999999998	-12.0	0.0	
-0.6000000000000227	-19.399999999999977	-19.40000000000009	0.0	-8.0	2.8	1.0	-8.399999999999977	0.0	2.7999999999999545	-5.800000000000011	-4.399999999999977	-4.600000000000023	-10.599999999999994	-0.20000000000004547	1.7999999999999545	-8.600000000000023	-8.400000000000091	-7.399999999999977	-13.399999999999999	2.0	3.6000000000000227	-14.199999999999989	-12.599999999999909	-11.799999999999955	-17.400000000000006	6.400000000000091	-4.7999999999999545	-23.599999999999994	0.0	
-33.60000000000002	15.799999999999955	-4.0	1.1999999999999886	0.5999999999999943	0.40000000000000036	3.2000000000000455	6.199999999999989	0.2	0.39999999999997726	8.0	-7.7999999999999545	1.6000000000000227	3.5999999999999943	-15.599999999999909	-4.600000000000023	11.600000000000023	-10.400000000000091	-7.600000000000023	4.0	-22.0	-16.200000000000045	15.399999999999977	-14.0	-25.0	10.0	-23.0	-32.200000000000045	18.400000000000006	0.0	
-31.200000000000045	-125.79999999999995	-13.400000000000091	-25.80000000000001	-14.800000000000011	-1.4000000000000004	-23.200000000000045	-32.39999999999998	0.4	-7.7999999999999545	-33.0	-16.0	-56.60000000000002	-29.400000000000006	17.40000000000009	-15.600000000000023	-52.19999999999999	-19.799999999999955	-78.60000000000002	-34.8	59.0	-27.0	-78.60000000000002	-20.0	-106.39999999999998	-43.6	120.20000000000005	-80.79999999999995	-113.19999999999999	0.0000001	

0.20000000000004547	-45.799999999999955	0.0	-14.800000000000011	-5.599999999999994	2.5999999999999996	-13.600000000000023	-9.399999999999977	0.19999999999999996	-6.2000000000000455	-10.0	-1.599999999999909	-22.399999999999977	-7.199999999999989	12.0	-6.7999999999999545	-18.399999999999977	-1.599999999999909	-28.600000000000023	-7.799999999999997	30.40000000000009	-6.2000000000000455	-29.600000000000023	0.0	-26.600000000000023	-6.0	65.0	-18.799999999999955	-44.80000000000001	0.0	
39.0	17.399999999999977	0.0	10.0	2.4000000000000057	-1.2000000000000002	8.600000000000023	7.399999999999977	-0.19999999999999996	7.600000000000023	10.0	2.2000000000000455	15.799999999999955	3.0	-0.20000000000004547	14.799999999999955	10.600000000000023	2.400000000000091	21.399999999999977	-1.0	-1.7999999999999545	22.200000000000045	14.800000000000011	0.0	38.39999999999998	-5.599999999999994	0.599999999999909	38.60000000000002	7.0	0.0	
59.0	-6.0	0.0	5.0	-6.599999999999994	-4.2	9.600000000000023	-8.800000000000011	-0.6	12.600000000000023	-7.600000000000023	3.0	14.0	-13.0	5.0	20.399999999999977	-7.800000000000011	0.7999999999999545	22.200000000000045	-19.0	6.599999999999909	35.799999999999955	-8.0	0.0	42.39999999999998	-33.599999999999994	3.400000000000091	56.60000000000002	-27.80000000000001	0.0	
10.600000000000023	26.399999999999977	0.0	15.399999999999977	0.5999999999999943	2.1999999999999993	18.799999999999955	4.199999999999989	-0.3999999999999999	14.399999999999977	7.399999999999977	-2.2000000000000455	21.799999999999955	1.1999999999999886	-6.599999999999909	16.600000000000023	10.600000000000023	-0.40000000000009095	22.200000000000045	1.7999999999999972	-14.200000000000045	16.399999999999977	19.600000000000023	0.0	28.200000000000045	-1.5999999999999943	-25.59999999999991	24.399999999999977	17.19999999999999	0.0	
6.0	-113.39999999999998	0.0	-18.80000000000001	-10.599999999999994	1.5999999999999996	-12.0	-27.399999999999977	-2.0	4.399999999999977	-28.600000000000023	-0.599999999999909	-42.0	-22.0	28.200000000000045	0.6000000000000227	-44.0	-1.7999999999999545	-62.39999999999998	-26.6	69.0	1.3999999999999773	-71.79999999999995	0.0	-85.0	-30.19999999999999	0.0	-52.200000000000045	-116.19999999999999	0.0	

