4 9
-64.79999999999995	-13.0	-54.19999999999999	-63.599999999999994	-17.6	-0.6000000000000001	-76.0	-17.599999999999994	-0.6	-68.39999999999998	-11.800000000000011	-72.6	-71.0	-25.2	-52.0	-69.39999999999998	-11.800000000000011	-70.0	-59.0	-23.400000000000006	-49.8	-69.19999999999999	-11.199999999999989	-61.39999999999998	-66.20000000000005	-21.6	-50.2	-66.20000000000005	-17.599999999999994	-54.19999999999999	
-20.399999999999977	-5.800000000000011	-27.19999999999999	-11.599999999999994	-12.6	0.6000000000000001	-16.19999999999999	-11.199999999999989	0.8	-14.600000000000023	-7.399999999999977	-31.0	-16.80000000000001	-17.0	-21.2	-16.600000000000023	-5.800000000000011	-31.400000000000006	-14.200000000000045	-15.799999999999997	-22.0	-17.0	-5.0	-29.799999999999955	-16.799999999999955	-16.6	-20.19999999999999	-19.0	-9.599999999999994	-26.599999999999994	
-13.0	-0.19999999999998863	-22.600000000000023	-9.800000000000011	-5.800000000000001	2.2	-10.600000000000023	-6.599999999999994	-0.8	-10.399999999999977	-3.1999999999999886	-21.80000000000001	-8.800000000000011	-9.6	-16.0	-9.0	-0.6000000000000227	-23.80000000000001	-6.7999999999999545	-7.400000000000006	-20.4	-11.199999999999989	1.1999999999999886	-23.600000000000023	-13.0	-7.399999999999999	-21.599999999999994	-13.799999999999955	-5.0	-24.400000000000006	
-16.399999999999977	-2.3999999999999773	-13.600000000000023	-8.800000000000011	-9.8	-1.4	-14.399999999999977	-4.599999999999994	2.8	-12.600000000000023	-0.6000000000000227	-21.599999999999994	-16.80000000000001	-8.4	-17.4	-13.0	-2.0	-17.80000000000001	-13.399999999999977	-11.0	-12.2	-14.399999999999977	-2.0	-16.200000000000045	-14.0	-8.200000000000003	-8.199999999999989	-14.799999999999955	-6.0	-11.400000000000006	
4.600000000000023	-7.600000000000023	14.800000000000011	4.599999999999994	-3.8	-2.8	7.600000000000023	-4.199999999999989	-1.8	7.800000000000011	-2.8000000000000114	6.199999999999989	2.8000000000000114	-5.0	5.0	4.0	-4.199999999999989	10.0	2.0	-4.200000000000003	13.0	2.0	-6.600000000000023	11.600000000000023	1.6000000000000227	-6.399999999999999	18.0	4.399999999999977	-7.400000000000006	17.599999999999994	

-22.799999999999955	24.19999999999999	14.800000000000011	-3.1999999999999886	21.0	2.2	-8.399999999999977	34.80000000000001	-1.6	-10.399999999999977	36.0	-18.0	-22.399999999999977	27.8	-43.400000000000006	-19.399999999999977	34.60000000000002	-11.0	-31.80000000000001	26.200000000000003	-25.4	-26.0	31.600000000000023	4.7999999999999545	-37.200000000000045	25.799999999999997	-2.5999999999999943	-30.200000000000045	28.399999999999977	9.800000000000011	
-40.60000000000002	3.0	-31.600000000000023	-27.80000000000001	-5.0	2.6	-28.19999999999999	1.4000000000000057	0.19999999999999996	-25.19999999999999	8.399999999999977	-52.8	-38.60000000000002	-9.0	-48.4	-33.39999999999998	9.0	-52.0	-39.0	-8.200000000000003	-41.2	-39.80000000000001	6.800000000000011	-44.39999999999998	-45.200000000000045	-9.0	-29.19999999999999	-42.200000000000045	-3.4000000000000057	-34.400000000000006	
-11.200000000000045	2.0	-18.399999999999977	-1.1999999999999886	-4.6	1.0	-3.0	-2.8000000000000114	1.8	-2.0	0.19999999999998863	-16.80000000000001	-4.600000000000023	-7.800000000000001	-14.799999999999997	-4.199999999999989	0.6000000000000227	-18.0	-6.0	-6.400000000000006	-16.6	-7.800000000000011	0.6000000000000227	-18.399999999999977	-7.7999999999999545	-8.399999999999999	-18.599999999999994	-9.0	-3.5999999999999943	-18.400000000000006	
-44.0	-1.8000000000000114	-42.19999999999999	-37.60000000000002	-8.4	-1.4	-41.39999999999998	-7.800000000000011	-2.2	-39.19999999999999	-0.6000000000000227	-59.8	-47.0	-14.6	-51.6	-43.19999999999999	0.6000000000000227	-56.80000000000001	-43.799999999999955	-12.400000000000006	-48.4	-47.39999999999998	-2.3999999999999773	-49.200000000000045	-50.39999999999998	-11.600000000000001	-39.599999999999994	-49.39999999999998	-7.400000000000006	-43.599999999999994	
9.799999999999955	-12.199999999999989	28.0	8.599999999999994	-6.6	0.3999999999999999	10.600000000000023	-4.0	-0.19999999999999996	12.199999999999989	-3.4000000000000057	16.0	5.199999999999989	-6.0	18.599999999999994	6.399999999999977	-6.0	20.0	4.399999999999977	-8.200000000000003	26.799999999999997	8.600000000000023	-8.399999999999977	23.200000000000045	8.799999999999955	-8.0	30.80000000000001	9.200000000000045	-9.199999999999989	30.599999999999994	

-19.799999999999955	22.399999999999977	-6.199999999999989	9.800000000000011	6.2	0.0	10.199999999999989	20.80000000000001	-1.0	7.199999999999989	25.80000000000001	-22.19999999999999	-0.8000000000000114	8.0	-43.8	-2.0	28.0	-24.599999999999994	-17.399999999999977	8.400000000000006	-39.6	-13.199999999999989	26.399999999999977	-21.200000000000045	-29.399999999999977	7.600000000000001	-22.0	-24.399999999999977	17.0	-18.0	
-44.39999999999998	3.0	-28.0	-15.0	-12.6	0.7999999999999998	-18.19999999999999	-2.1999999999999886	-0.6	-17.600000000000023	8.0	-50.400000000000006	-30.600000000000023	-12.8	-51.8	-26.600000000000023	9.800000000000011	-51.599999999999994	-38.39999999999998	-12.200000000000003	-47.4	-36.80000000000001	7.800000000000011	-42.799999999999955	-50.799999999999955	-15.0	-32.599999999999994	-45.39999999999998	-6.800000000000011	-35.8	
0.7999999999999545	0.6000000000000227	-10.800000000000011	0.8000000000000114	-3.0	-1.0	3.8000000000000114	-2.4000000000000057	-0.4	3.6000000000000227	-2.5999999999999943	-5.400000000000006	4.199999999999989	-7.0	-3.200000000000003	3.0	-1.8000000000000114	-7.599999999999994	3.8000000000000114	-4.799999999999997	-9.399999999999999	3.6000000000000227	0.0	-10.799999999999955	1.0	-5.799999999999997	-11.599999999999994	0.6000000000000227	-3.0	-12.399999999999999	
-24.200000000000045	5.399999999999977	-53.19999999999999	-17.400000000000006	-1.5999999999999996	-3.0	-20.0	-0.5999999999999943	0.0	-21.19999999999999	-1.8000000000000114	-43.0	-16.399999999999977	-3.2	-48.8	-20.19999999999999	1.0	-46.599999999999994	-16.19999999999999	-2.5999999999999943	-58.8	-21.0	2.1999999999999886	-48.60000000000002	-25.600000000000023	-2.3999999999999986	-62.400000000000006	-25.200000000000045	2.1999999999999886	-57.6	
16.600000000000023	-14.199999999999989	32.19999999999999	15.199999999999989	-9.8	-0.7999999999999998	19.399999999999977	-7.400000000000006	-0.6	19.399999999999977	-6.400000000000006	25.599999999999994	15.399999999999977	-11.4	29.200000000000003	17.80000000000001	-8.199999999999989	27.400000000000006	12.800000000000011	-9.400000000000006	36.0	16.0	-11.0	31.399999999999977	16.399999999999977	-11.0	40.80000000000001	15.200000000000045	-11.800000000000011	37.8	

17.200000000000045	6.800000000000011	-30.399999999999977	19.400000000000006	-11.6	1.7999999999999998	27.400000000000006	-8.400000000000006	0.2	25.19999999999999	-3.8000000000000114	-1.1999999999999886	30.0	-16.4	-4.599999999999994	27.0	-0.39999999999997726	-9.399999999999977	26.80000000000001	-16.200000000000003	-21.799999999999997	26.0	3.3999999999999773	-22.0	21.600000000000023	-18.4	-32.400000000000006	20.0	-4.199999999999989	-36.6	
-32.799999999999955	20.399999999999977	-41.80000000000001	0.8000000000000114	-0.8000000000000007	1.6	1.1999999999999886	11.400000000000006	2.4	-3.6000000000000227	17.400000000000006	-43.599999999999994	-7.399999999999977	-0.6000000000000014	-66.19999999999999	-11.0	23.0	-49.60000000000002	-22.600000000000023	-1.2000000000000028	-74.2	-25.0	22.80000000000001	-49.60000000000002	-42.60000000000002	-0.20000000000000284	-60.19999999999999	-38.0	12.399999999999977	-53.8	
-2.0	-2.3999999999999773	-16.600000000000023	-0.19999999999998863	-4.199999999999999	-4.2	0.0	-5.599999999999994	-0.8	-1.1999999999999886	-5.199999999999989	-7.599999999999994	3.3999999999999773	-5.399999999999999	-8.800000000000011	2.0	-3.1999999999999886	-10.399999999999977	3.3999999999999773	-6.799999999999997	-11.799999999999997	0.8000000000000114	-2.1999999999999886	-13.600000000000023	1.7999999999999545	-7.799999999999997	-18.80000000000001	0.39999999999997726	-5.0	-21.200000000000003	
27.799999999999955	-6.399999999999977	-32.80000000000001	6.0	-11.6	-0.7999999999999998	12.800000000000011	-20.400000000000006	-1.4	12.600000000000023	-21.19999999999999	12.199999999999989	26.600000000000023	-19.4	22.80000000000001	26.600000000000023	-17.80000000000001	1.1999999999999886	34.60000000000002	-23.400000000000006	2.6000000000000014	35.0	-12.199999999999989	-13.799999999999955	40.39999999999998	-22.6	-19.0	36.0	-15.0	-30.8	
10.600000000000023	-11.399999999999977	29.600000000000023	14.0	-4.800000000000001	3.0	14.400000000000006	-2.8000000000000114	-1.6	16.19999999999999	-2.4000000000000057	19.599999999999994	8.800000000000011	-5.0	17.19999999999999	11.0	-4.600000000000023	22.0	6.199999999999989	-5.0	26.400000000000006	8.600000000000023	-6.199999999999989	22.200000000000045	7.0	-5.200000000000003	31.80000000000001	7.0	-7.800000000000011	32.2	

33.60000000000002	25.80000000000001	-6.800000000000011	27.599999999999994	14.600000000000001	0.0	31.80000000000001	14.599999999999994	1.8	27.80000000000001	13.800000000000011	16.80000000000001	41.599999999999994	13.799999999999997	7.0	34.19999999999999	18.600000000000023	12.199999999999989	40.599999999999994	15.0	-7.799999999999997	37.599999999999994	21.600000000000023	3.2000000000000455	40.19999999999999	16.599999999999994	-22.19999999999999	37.80000000000001	24.80000000000001	-16.6	
14.399999999999977	36.39999999999998	-39.19999999999999	29.0	4.0	0.7999999999999998	29.400000000000006	11.800000000000011	1.8	22.0	13.800000000000011	-3.3999999999999773	41.0	5.799999999999997	-28.400000000000006	27.599999999999994	21.399999999999977	-13.199999999999989	33.0	6.599999999999994	-56.0	26.19999999999999	29.799999999999955	-26.799999999999955	20.600000000000023	6.400000000000006	-70.60000000000002	18.600000000000023	26.399999999999977	-60.0	
-7.0	-1.6000000000000227	-3.3999999999999773	-2.4000000000000057	-1.2000000000000028	0.19999999999999996	-4.599999999999994	0.8000000000000114	-1.0	-4.399999999999977	1.8000000000000114	-8.600000000000023	-6.400000000000006	2.200000000000003	-13.199999999999989	-7.0	1.1999999999999886	-7.600000000000023	-7.600000000000023	2.1999999999999886	-12.200000000000003	-7.199999999999989	1.0	-5.2000000000000455	-10.600000000000023	1.4000000000000057	-7.0	-8.0	0.8000000000000114	-4.200000000000003	
9.399999999999977	-17.80000000000001	-42.60000000000002	-23.599999999999994	-11.0	-4.6	-22.599999999999994	-24.0	0.4	-15.800000000000011	-21.19999999999999	-19.600000000000023	-16.19999999999999	-23.2	8.800000000000011	-5.399999999999977	-24.80000000000001	-21.600000000000023	0.8000000000000114	-26.80000000000001	7.0	3.8000000000000114	-22.80000000000001	-29.799999999999955	15.600000000000023	-31.799999999999997	-8.0	13.399999999999977	-32.0	-30.8	
-2.3999999999999773	-7.800000000000011	26.0	2.8000000000000114	-0.7999999999999972	1.2000000000000002	5.800000000000011	-2.8000000000000114	-1.2	4.399999999999977	-2.4000000000000057	15.0	-0.19999999999998863	-1.6000000000000014	10.0	0.6000000000000227	-1.8000000000000114	17.600000000000023	-6.199999999999989	2.4000000000000057	18.200000000000003	-2.1999999999999886	-6.199999999999989	20.399999999999977	-4.2000000000000455	1.2000000000000028	28.400000000000006	-2.3999999999999773	-2.1999999999999886	30.6	

36.60000000000002	9.799999999999955	-10.0	4.199999999999989	4.600000000000001	1.2000000000000002	12.0	0.4000000000000057	-0.4	12.599999999999994	2.8000000000000114	11.800000000000011	22.400000000000006	3.200000000000003	24.19999999999999	23.400000000000006	0.39999999999997726	10.600000000000023	32.0	-0.8000000000000114	16.400000000000006	30.0	4.0	1.2000000000000455	48.39999999999998	1.2000000000000028	-2.3999999999999773	44.0	3.6000000000000227	-10.399999999999999	
25.19999999999999	30.799999999999955	-5.399999999999977	10.800000000000011	13.799999999999997	-3.4	11.400000000000006	12.0	1.0	7.199999999999989	7.400000000000006	17.0	27.80000000000001	15.799999999999997	6.0	16.400000000000006	12.199999999999989	14.399999999999977	35.599999999999994	19.400000000000006	-10.200000000000003	24.599999999999994	21.399999999999977	8.399999999999977	42.39999999999998	22.80000000000001	-31.80000000000001	35.60000000000002	28.399999999999977	-16.4	
-7.600000000000023	-8.399999999999977	3.8000000000000114	-1.4000000000000057	-6.0	-1.6	-6.400000000000006	-7.199999999999989	-1.4	-7.600000000000023	-6.199999999999989	-1.0	-6.599999999999994	-2.799999999999997	-4.600000000000023	-7.599999999999994	-6.399999999999977	-1.1999999999999886	-9.199999999999989	-4.199999999999989	-2.4000000000000057	-9.199999999999989	-6.0	-0.6000000000000227	-11.800000000000011	-4.400000000000006	0.39999999999997726	-11.0	-5.199999999999989	3.3999999999999986	
-16.200000000000045	-6.600000000000023	-28.19999999999999	-19.19999999999999	-4.0	-1.0	-21.19999999999999	-4.400000000000006	-0.8	-17.80000000000001	-4.599999999999994	-25.80000000000001	-23.599999999999994	-7.600000000000001	-16.80000000000001	-17.19999999999999	-5.399999999999977	-26.80000000000001	-20.400000000000006	-10.400000000000006	-11.0	-17.0	-5.600000000000023	-25.600000000000023	-19.600000000000023	-13.599999999999994	-9.199999999999989	-19.0	-11.199999999999989	-21.2	
-7.399999999999977	-11.800000000000011	41.39999999999998	2.4000000000000057	0.0	2.6	5.800000000000011	1.8000000000000114	0.19999999999999996	3.8000000000000114	-1.0	16.600000000000023	-0.8000000000000114	5.399999999999999	8.800000000000011	-1.1999999999999886	-0.19999999999998863	21.19999999999999	-11.599999999999994	8.400000000000006	18.599999999999994	-8.800000000000011	-5.199999999999989	29.0	-15.800000000000011	10.0	36.19999999999999	-13.199999999999989	-0.6000000000000227	42.4	

0.8000000000000114	-2.6000000000000227	-7.600000000000023	-8.800000000000011	2.799999999999997	-1.4	-4.199999999999989	4.0	-2.4	0.39999999999997726	5.0	-6.399999999999977	-9.199999999999989	-0.4000000000000057	2.1999999999999886	-0.19999999999998863	2.8000000000000114	-7.800000000000011	-8.400000000000006	-4.400000000000006	10.599999999999994	-0.5999999999999943	-0.7999999999999545	-7.399999999999977	-7.399999999999977	-7.199999999999989	16.0	-3.3999999999999773	-8.800000000000011	1.8000000000000007	
8.600000000000023	16.799999999999955	-11.600000000000023	4.599999999999994	4.400000000000006	0.8	2.5999999999999943	7.0	1.8	0.6000000000000227	7.800000000000011	-1.0	11.0	7.799999999999997	-7.0	5.199999999999989	8.600000000000023	-4.199999999999989	13.199999999999989	8.800000000000011	-13.400000000000006	7.800000000000011	11.600000000000023	-8.600000000000023	15.800000000000011	11.599999999999994	-24.80000000000001	14.0	17.600000000000023	-19.4	
-4.600000000000023	1.0	-4.399999999999977	-3.1999999999999886	3.200000000000003	-5.2	-3.8000000000000114	0.8000000000000114	-0.4	-4.0	1.5999999999999943	-5.199999999999989	-4.599999999999994	1.2000000000000028	-6.399999999999977	-3.5999999999999943	2.1999999999999886	-5.600000000000023	-5.400000000000006	1.1999999999999886	-7.400000000000006	-4.800000000000011	3.7999999999999545	-4.600000000000023	-7.199999999999989	3.1999999999999886	-3.6000000000000227	-8.0	0.19999999999998863	-2.0	
-17.399999999999977	-14.600000000000023	-36.39999999999998	-21.80000000000001	-14.399999999999999	-2.2	-24.80000000000001	-20.19999999999999	0.4	-23.399999999999977	-16.400000000000006	-26.0	-25.599999999999994	-23.200000000000003	-18.80000000000001	-20.19999999999999	-17.80000000000001	-27.600000000000023	-18.400000000000006	-26.400000000000006	-18.0	-17.0	-17.0	-30.600000000000023	-17.0	-29.80000000000001	-20.19999999999999	-13.600000000000023	-24.600000000000023	-32.6	
-12.399999999999977	1.0	32.60000000000002	7.800000000000011	3.3999999999999986	2.2	6.599999999999994	7.400000000000006	1.2	5.0	4.199999999999989	15.0	5.199999999999989	11.400000000000006	0.19999999999998863	-0.4000000000000057	6.800000000000011	16.80000000000001	-5.800000000000011	15.400000000000006	1.2000000000000028	-9.0	7.600000000000023	20.399999999999977	-17.600000000000023	20.0	11.199999999999989	-16.80000000000001	13.0	27.6	

14.800000000000011	8.399999999999977	-10.600000000000023	-0.8000000000000114	3.0	1.6	-0.19999999999998863	4.800000000000011	-0.4	1.0	5.400000000000006	-4.600000000000023	2.5999999999999943	3.4000000000000057	0.19999999999998863	2.8000000000000114	4.0	-4.199999999999989	9.399999999999999	1.5999999999999943	0.19999999999998863	9.800000000000011	6.0	-7.600000000000023	20.19999999999999	0.5999999999999943	-7.399999999999977	18.600000000000023	2.8000000000000114	-10.2	
10.0	7.399999999999977	-23.0	-8.0	0.20000000000000284	-1.0	-10.599999999999994	-1.5999999999999943	-1.6	-10.399999999999977	-1.4000000000000057	-15.600000000000023	-5.799999999999997	-0.7999999999999972	-11.0	-8.0	-0.39999999999997726	-14.399999999999977	4.399999999999999	-3.1999999999999886	-15.0	0.4000000000000057	1.7999999999999545	-15.399999999999977	20.19999999999999	-2.1999999999999886	-22.600000000000023	14.800000000000011	2.3999999999999773	-25.6	
-14.800000000000011	5.399999999999977	-0.19999999999998863	-6.800000000000011	7.0	-2.6	-9.199999999999989	6.800000000000011	-1.0	-10.800000000000011	3.8000000000000114	-7.399999999999977	-7.799999999999997	9.799999999999997	-14.0	-14.599999999999994	6.600000000000023	-6.0	-12.400000000000006	11.800000000000011	-14.0	-12.800000000000011	6.2000000000000455	-4.399999999999977	-17.0	15.600000000000023	-12.0	-16.80000000000001	10.0	-3.6000000000000014	
-1.0	-8.600000000000023	-25.19999999999999	-18.0	-5.0	0.6000000000000001	-18.19999999999999	-7.400000000000006	1.2	-15.399999999999977	-6.400000000000006	-20.399999999999977	-20.0	-8.799999999999997	-11.600000000000023	-11.800000000000011	-7.399999999999977	-22.80000000000001	-16.200000000000003	-12.599999999999994	-6.799999999999997	-9.199999999999989	-10.200000000000045	-21.0	-7.800000000000011	-19.600000000000023	-4.0	-3.3999999999999773	-17.80000000000001	-17.8	
-2.1999999999999886	-9.399999999999977	50.39999999999998	12.0	5.799999999999997	-3.0	12.800000000000011	3.5999999999999943	0.4	9.600000000000023	0.0	27.80000000000001	10.400000000000006	11.400000000000006	21.0	4.599999999999994	1.0	32.60000000000002	0.0	17.0	24.19999999999999	1.1999999999999886	-2.7999999999999545	40.799999999999955	-8.400000000000006	25.600000000000023	38.39999999999998	-7.600000000000023	7.2000000000000455	54.4	

17.19999999999999	0.39999999999997726	2.8000000000000114	4.400000000000006	-1.0	1.8	4.800000000000011	0.5999999999999943	2.2	3.8000000000000114	1.1999999999999886	5.199999999999989	4.799999999999997	0.5999999999999943	9.399999999999977	8.800000000000011	-0.8000000000000114	6.399999999999977	8.200000000000003	-0.8000000000000114	14.400000000000006	11.0	-0.6000000000000227	6.0	21.4	-3.6000000000000227	11.800000000000011	19.400000000000006	-2.2000000000000455	7.8	
12.399999999999977	-2.6000000000000227	-6.600000000000023	-1.4000000000000057	-2.5999999999999943	-0.7999999999999998	-3.0	-1.4000000000000057	-1.0	-0.8000000000000114	-2.5999999999999943	-4.600000000000023	-1.2000000000000028	-3.5999999999999943	3.0	2.4000000000000057	-1.3999999999999773	-3.7999999999999545	3.799999999999997	-5.800000000000011	5.599999999999994	6.400000000000006	-3.3999999999999773	-3.7999999999999545	16.0	-9.800000000000011	5.199999999999989	15.199999999999989	-7.399999999999977	-1.4000000000000004	
-10.0	2.0	10.399999999999977	-3.1999999999999886	3.799999999999997	-0.8	-6.400000000000006	5.0	-1.2	-9.199999999999989	3.4000000000000057	-1.0	-6.399999999999999	9.599999999999994	-0.39999999999997726	-9.0	3.0	3.0	-6.600000000000001	12.0	3.1999999999999886	-12.199999999999989	3.0	6.2000000000000455	-9.8	16.600000000000023	5.399999999999977	-10.800000000000011	8.600000000000023	10.8	
-9.0	-14.0	-31.0	-20.0	-9.0	3.2	-21.0	-9.800000000000011	0.4	-18.600000000000023	-7.199999999999989	-26.80000000000001	-27.400000000000006	-13.599999999999994	-15.399999999999977	-16.400000000000006	-10.0	-26.19999999999999	-25.0	-20.19999999999999	-11.800000000000011	-14.599999999999994	-13.799999999999955	-26.0	-20.4	-29.19999999999999	-5.199999999999989	-12.199999999999989	-24.600000000000023	-21.6	
-22.0	-32.60000000000002	62.60000000000002	0.0	10.799999999999997	3.2	-5.599999999999994	4.199999999999989	-1.6	-4.399999999999977	-2.5999999999999943	24.399999999999977	-15.599999999999994	17.0	25.80000000000001	-13.400000000000006	-6.399999999999977	32.0	-29.8	24.80000000000001	44.599999999999994	-21.0	-15.799999999999955	45.200000000000045	-55.400000000000006	33.19999999999999	76.0	-44.0	-9.600000000000023	81.4	

-21.600000000000023	1.0	18.400000000000006	-32.80000000000001	2.0	1.0	-41.80000000000001	7.599999999999994	0.4	-38.39999999999998	10.0	-27.4	-42.0	6.199999999999989	-10.200000000000003	-41.0	5.0	-9.0	-32.0	8.600000000000001	9.799999999999997	-32.60000000000002	3.3999999999999773	11.199999999999989	-24.0	10.200000000000003	18.799999999999997	-22.600000000000023	5.599999999999994	23.400000000000006	
-31.200000000000045	-3.6000000000000227	-29.0	-25.400000000000006	-3.4000000000000057	0.40000000000000036	-32.39999999999998	-2.799999999999997	2.2	-29.600000000000023	-1.4000000000000057	-47.0	-33.60000000000002	-2.8000000000000114	-37.8	-34.60000000000002	0.19999999999998863	-43.0	-28.799999999999955	-2.200000000000003	-32.0	-34.39999999999998	-3.8000000000000114	-32.80000000000001	-30.600000000000023	-1.4000000000000057	-28.0	-31.600000000000023	-2.5999999999999943	-28.4	
-9.600000000000023	-5.399999999999977	-13.400000000000006	-5.199999999999989	-9.0	3.8	-1.1999999999999886	-9.400000000000006	2.8	0.39999999999997726	-5.400000000000006	-15.0	-4.199999999999989	-8.800000000000011	-5.799999999999997	-4.399999999999977	-5.199999999999989	-17.6	-3.6000000000000227	-7.399999999999999	-4.0	-6.0	-6.0	-14.199999999999989	-4.7999999999999545	-6.0	-3.799999999999997	-5.0	-6.200000000000003	-11.600000000000001	
-28.600000000000023	-11.800000000000011	-20.19999999999999	-24.80000000000001	-11.0	-5.4	-28.80000000000001	-17.200000000000003	-3.6	-25.0	-11.599999999999994	-40.8	-29.0	-18.0	-14.0	-28.600000000000023	-14.399999999999977	-35.8	-22.200000000000045	-15.799999999999997	-7.0	-26.399999999999977	-11.800000000000011	-26.399999999999977	-23.200000000000045	-14.799999999999997	-5.599999999999994	-22.600000000000023	-16.0	-13.0	
29.200000000000045	-8.199999999999989	65.19999999999999	26.19999999999999	-5.0	-1.5999999999999996	27.600000000000023	-2.799999999999997	2.0	25.600000000000023	-2.0	49.4	23.399999999999977	-3.8000000000000114	40.8	21.80000000000001	-3.8000000000000114	57.400000000000006	21.200000000000045	-1.0	51.400000000000006	23.80000000000001	-4.199999999999989	61.39999999999998	28.600000000000023	-0.20000000000000284	58.0	29.600000000000023	-0.5999999999999943	61.8	

21.200000000000045	89.0	86.0	32.80000000000001	55.2	0.0	29.80000000000001	93.6	-0.6	21.399999999999977	92.80000000000001	56.6	24.600000000000023	70.0	-0.5999999999999943	22.80000000000001	100.0	74.6	6.800000000000011	63.0	8.799999999999997	22.0	98.60000000000002	78.39999999999998	-1.7999999999999545	64.0	36.8	7.0	84.4	59.599999999999994	
-44.60000000000002	-12.199999999999989	-23.599999999999994	-39.599999999999994	-11.600000000000001	-1.7999999999999998	-45.80000000000001	-12.400000000000006	-0.8	-42.19999999999999	-8.0	-52.4	-52.0	-12.599999999999994	-23.599999999999994	-47.0	-9.600000000000023	-45.2	-41.799999999999955	-10.8	-14.600000000000001	-49.80000000000001	-11.0	-37.60000000000002	-42.60000000000002	-11.600000000000001	-9.200000000000003	-44.39999999999998	-14.0	-16.599999999999994	
0.6000000000000227	-5.800000000000011	-24.599999999999994	-5.800000000000011	-6.0	-1.0	-5.399999999999977	-13.799999999999997	1.8	-3.6000000000000227	-14.199999999999989	-4.800000000000001	1.1999999999999886	-7.200000000000003	6.0	2.6000000000000227	-12.600000000000023	-10.400000000000006	5.0	-9.8	-1.0	3.3999999999999773	-10.399999999999977	-19.600000000000023	4.0	-12.0	-10.599999999999994	3.2000000000000455	-12.400000000000006	-19.0	
-44.799999999999955	-34.39999999999998	-47.80000000000001	-45.60000000000002	-20.599999999999994	2.0	-55.80000000000001	-35.2	-3.0	-52.60000000000002	-33.0	-59.0	-53.0	-28.799999999999997	-35.0	-49.39999999999998	-35.39999999999998	-56.8	-41.200000000000045	-27.4	-34.0	-46.799999999999955	-35.60000000000002	-49.39999999999998	-41.799999999999955	-27.0	-33.599999999999994	-41.200000000000045	-32.0	-41.2	
7.2000000000000455	-14.0	38.599999999999994	-5.199999999999989	-4.0	-0.7999999999999998	-9.199999999999989	-7.200000000000003	0.6	-9.800000000000011	-5.400000000000006	12.4	-11.0	-2.5999999999999943	21.0	-11.199999999999989	-11.399999999999977	24.200000000000003	-6.0	-0.3999999999999986	36.2	-5.0	-13.800000000000011	33.39999999999998	3.3999999999999773	-1.2000000000000028	40.8	2.2000000000000455	-7.0	43.2	

-7.0	3.8000000000000114	-15.0	10.199999999999989	-7.799999999999997	-0.3999999999999999	15.0	-3.799999999999997	0.2	13.0	5.0	-19.0	7.800000000000011	-12.199999999999989	-14.599999999999994	9.199999999999989	2.8000000000000114	-22.799999999999997	0.19999999999998863	-10.799999999999997	-13.400000000000006	-0.6000000000000227	2.3999999999999773	-21.600000000000023	-5.399999999999977	-11.400000000000006	-7.0	-9.600000000000023	-4.200000000000003	-14.600000000000001	
-58.799999999999955	1.8000000000000114	-25.19999999999999	-21.599999999999994	-12.599999999999994	0.20000000000000018	-24.19999999999999	-2.6000000000000014	-2.4	-24.0	10.0	-65.0	-44.19999999999999	-15.0	-55.19999999999999	-40.80000000000001	11.199999999999989	-63.0	-52.19999999999999	-13.399999999999999	-40.400000000000006	-56.39999999999998	8.800000000000011	-46.60000000000002	-63.60000000000002	-9.400000000000006	-16.400000000000006	-63.200000000000045	-4.400000000000006	-24.6	
-0.39999999999997726	-7.600000000000023	-0.5999999999999943	-4.400000000000006	-4.799999999999997	-2.8	-5.800000000000011	-5.0	0.8	-3.0	-4.800000000000011	-3.4000000000000057	-3.8000000000000114	-2.8000000000000114	0.8000000000000114	-3.3999999999999773	-5.800000000000011	-2.1999999999999886	-2.8000000000000114	-3.200000000000003	3.5999999999999943	-2.0	-5.399999999999977	0.0	-0.20000000000004547	-2.4000000000000057	4.0	-0.6000000000000227	-3.4000000000000057	2.6000000000000014	
-14.799999999999955	6.0	-56.400000000000006	-8.0	-2.4000000000000057	2.2	-10.400000000000006	-1.2000000000000028	2.2	-11.399999999999977	-0.19999999999998863	-29.6	-8.199999999999989	-4.599999999999994	-36.0	-7.199999999999989	1.1999999999999886	-36.0	-7.0	-4.399999999999999	-48.0	-7.399999999999977	3.8000000000000114	-45.0	-17.200000000000045	-7.599999999999994	-54.80000000000001	-15.799999999999955	-0.20000000000000284	-58.6	
-6.399999999999977	-10.0	41.400000000000006	-4.599999999999994	-7.799999999999997	0.5999999999999996	-8.600000000000023	-4.0	1.8	-10.0	-3.0	2.799999999999997	-14.399999999999977	-6.199999999999989	4.199999999999989	-16.80000000000001	-2.1999999999999886	13.200000000000003	-16.19999999999999	1.3999999999999986	21.599999999999994	-18.80000000000001	-5.399999999999977	28.80000000000001	-10.399999999999977	2.799999999999997	33.0	-10.399999999999977	-2.0	42.4	

-5.7999999999999545	-4.199999999999989	-33.8	-4.800000000000011	-1.5999999999999943	0.20000000000000018	-0.8000000000000114	-6.0	0.8	3.1999999999999886	-3.1999999999999886	-19.0	-4.599999999999994	-7.800000000000011	-6.0	1.1999999999999886	-5.599999999999994	-25.599999999999994	-0.39999999999997726	-10.200000000000003	-9.800000000000011	-1.0	-7.199999999999989	-30.600000000000023	-3.3999999999999773	-10.0	-10.800000000000011	-6.600000000000023	-11.400000000000006	-23.200000000000003	
-53.60000000000002	13.800000000000011	-73.2	8.199999999999989	-25.200000000000003	1.4	15.0	-11.799999999999997	0.8	15.199999999999989	9.0	-70.6	-6.0	-38.599999999999994	-75.0	0.19999999999998863	15.800000000000011	-87.2	-28.399999999999977	-39.8	-83.4	-27.0	15.199999999999989	-91.80000000000001	-56.39999999999998	-38.599999999999994	-63.19999999999999	-60.0	-14.0	-83.2	
-6.600000000000023	-7.800000000000011	6.400000000000006	-5.800000000000011	-2.4000000000000057	3.2	-10.199999999999989	-3.6000000000000014	-1.8	-8.0	-4.199999999999989	-1.4000000000000057	-7.800000000000011	-0.8000000000000114	0.8000000000000114	-7.800000000000011	-5.199999999999989	1.8000000000000114	-5.600000000000023	-0.20000000000000284	6.800000000000011	-7.600000000000023	-5.600000000000023	6.399999999999977	-5.0	2.4000000000000057	6.599999999999994	-2.3999999999999773	-2.0	9.8	
3.3999999999999773	-4.0	-35.400000000000006	-12.599999999999994	0.0	0.20000000000000018	-19.0	-2.200000000000003	-1.2	-17.80000000000001	-6.400000000000006	-9.400000000000006	-9.199999999999989	2.0	-10.599999999999994	-8.0	-7.199999999999989	-14.0	-2.0	-1.2000000000000028	-22.799999999999997	0.19999999999998863	-5.600000000000023	-21.0	1.7999999999999545	-3.1999999999999886	-33.19999999999999	3.6000000000000227	-5.799999999999997	-36.4	
-11.200000000000045	-1.6000000000000227	31.80000000000001	4.599999999999994	-4.799999999999997	-1.0	2.1999999999999886	-0.7999999999999972	-1.0	0.0	1.1999999999999886	2.8000000000000114	-5.399999999999977	-2.5999999999999943	-1.5999999999999943	-8.599999999999994	1.8000000000000114	7.800000000000011	-11.399999999999977	0.7999999999999972	6.0	-14.399999999999977	1.0	19.399999999999977	-12.399999999999977	4.200000000000003	21.80000000000001	-12.200000000000045	3.5999999999999943	30.2	

24.799999999999955	17.80000000000001	-13.0	27.19999999999999	0.20000000000000284	5.4	35.0	5.799999999999997	1.0	32.19999999999999	11.400000000000006	7.400000000000006	30.80000000000001	-1.2000000000000028	2.0	33.19999999999999	13.600000000000023	2.0	25.0	-2.3999999999999986	-5.799999999999997	27.0	15.399999999999977	-5.0	20.200000000000045	-3.4000000000000057	-4.199999999999989	18.799999999999955	6.599999999999994	-12.200000000000003	
17.0	20.0	-91.6	31.599999999999994	-15.200000000000003	-1.2000000000000002	45.0	-10.599999999999994	-1.6	42.599999999999994	3.8000000000000114	-21.19999999999999	47.19999999999999	-29.19999999999999	-35.19999999999999	49.400000000000006	9.0	-43.599999999999994	35.19999999999999	-37.400000000000006	-65.6	40.400000000000006	14.800000000000011	-72.60000000000002	14.799999999999955	-47.19999999999999	-80.19999999999999	18.200000000000045	-14.200000000000003	-102.0	
-19.799999999999955	-2.3999999999999773	15.200000000000003	-5.199999999999989	-1.3999999999999986	2.4	-12.800000000000011	-0.5999999999999943	-0.6	-10.800000000000011	-2.1999999999999886	-8.400000000000006	-14.199999999999989	1.2000000000000028	-6.800000000000011	-17.19999999999999	-1.6000000000000227	-3.5999999999999943	-17.0	3.0	0.4000000000000057	-18.399999999999977	-3.8000000000000114	2.6000000000000227	-18.399999999999977	6.599999999999994	8.199999999999989	-19.600000000000023	2.0	13.599999999999994	
-12.799999999999955	-5.399999999999977	-34.2	-28.0	6.0	-4.4	-33.80000000000001	-1.0	-2.4	-28.399999999999977	-5.599999999999994	-30.0	-29.0	1.2000000000000028	-24.19999999999999	-28.0	-7.399999999999977	-29.0	-22.0	0.20000000000000284	-23.200000000000003	-20.0	-7.0	-29.399999999999977	-17.200000000000045	0.5999999999999943	-26.19999999999999	-15.799999999999955	-3.5999999999999943	-31.799999999999997	
-24.399999999999977	6.800000000000011	47.2	3.1999999999999886	-2.0	0.20000000000000018	0.0	3.5999999999999943	1.0	-2.1999999999999886	7.400000000000006	5.199999999999989	-9.399999999999977	1.7999999999999972	-7.599999999999994	-18.399999999999977	8.0	11.400000000000006	-20.80000000000001	9.399999999999999	2.5999999999999943	-28.80000000000001	6.600000000000023	29.19999999999999	-29.200000000000045	17.0	25.0	-30.600000000000023	14.200000000000003	44.2	

20.80000000000001	4.199999999999989	-2.1999999999999993	9.0	4.600000000000001	2.0	8.599999999999994	4.0	1.2	10.199999999999989	4.0	7.199999999999989	11.599999999999994	4.799999999999997	6.600000000000023	11.0	4.800000000000011	8.199999999999989	15.800000000000011	1.8000000000000007	4.599999999999994	16.599999999999994	3.3999999999999773	2.1999999999999886	21.19999999999999	2.4000000000000057	-2.1999999999999886	21.600000000000023	4.400000000000006	-3.5999999999999943	
54.80000000000001	25.19999999999999	-55.4	22.599999999999994	-1.2000000000000028	1.7999999999999998	34.19999999999999	-1.2000000000000028	-0.4	32.0	3.4000000000000057	10.599999999999994	47.0	-10.599999999999994	1.1999999999999886	46.400000000000006	7.800000000000011	-1.6000000000000227	55.19999999999999	-16.0	-26.799999999999997	58.400000000000006	15.399999999999977	-23.600000000000023	59.0	-26.0	-54.19999999999999	61.39999999999998	-0.19999999999998863	-68.19999999999999	
-4.199999999999989	-1.0	1.0	-2.4000000000000057	-0.3999999999999986	-0.40000000000000036	-6.199999999999989	1.2000000000000028	1.2	-5.800000000000011	-0.8000000000000114	-0.5999999999999943	-5.800000000000011	0.20000000000000284	-2.4000000000000057	-5.199999999999989	-1.6000000000000227	-0.4000000000000057	-3.8000000000000114	2.0	0.20000000000000284	-3.8000000000000114	-2.1999999999999886	1.0	-3.3999999999999773	1.2000000000000028	1.0	-4.800000000000011	1.0	4.599999999999994	
-11.0	-14.800000000000011	-8.4	-14.400000000000006	-0.7999999999999972	0.20000000000000018	-20.400000000000006	-6.599999999999994	0.0	-17.400000000000006	-8.199999999999989	-13.800000000000011	-22.19999999999999	-4.0	-4.0	-16.400000000000006	-10.399999999999977	-11.800000000000011	-16.19999999999999	-2.3999999999999986	4.0	-12.0	-12.800000000000011	-9.600000000000023	-13.600000000000023	-6.0	6.199999999999989	-10.199999999999989	-12.400000000000006	0.0	
-21.799999999999955	14.600000000000023	31.4	11.599999999999994	0.3999999999999986	-0.20000000000000018	9.800000000000011	6.599999999999994	0.2	2.0	9.800000000000011	5.599999999999994	7.800000000000011	7.0	-14.0	-4.400000000000006	14.399999999999977	5.800000000000011	-5.0	14.0	-17.0	-17.400000000000006	18.0	13.800000000000011	-18.19999999999999	23.200000000000003	-6.399999999999977	-23.0	27.19999999999999	13.400000000000006	

-11.800000000000011	14.399999999999977	5.600000000000001	2.1999999999999886	4.0	1.2000000000000002	3.5999999999999943	8.400000000000006	2.8	1.1999999999999886	11.0	2.4000000000000057	2.4000000000000057	10.200000000000003	-2.0	-1.5999999999999943	11.800000000000011	1.8000000000000114	-1.4000000000000057	11.399999999999999	-3.4000000000000004	-8.599999999999994	11.199999999999989	2.1999999999999886	-9.800000000000011	15.799999999999997	-3.0	-12.399999999999977	15.199999999999989	2.0	
43.0	31.0	-23.6	11.599999999999994	2.0	-1.7999999999999998	17.599999999999994	5.400000000000006	1.4	14.199999999999989	8.800000000000011	6.599999999999994	30.400000000000006	2.799999999999997	-2.1999999999999886	22.799999999999997	11.600000000000023	4.199999999999989	37.2	-0.3999999999999986	-18.4	34.400000000000006	18.600000000000023	-6.600000000000023	50.0	-3.0	-39.0	46.19999999999999	15.199999999999989	-40.19999999999999	
-7.800000000000011	-6.0	-5.799999999999997	-2.8000000000000114	-5.800000000000001	-1.2000000000000002	-4.400000000000006	-4.599999999999994	-0.4	-3.4000000000000057	-3.4000000000000057	-4.800000000000011	-10.199999999999989	-4.400000000000006	-2.8000000000000114	-3.4000000000000057	-4.600000000000023	-7.199999999999989	-9.400000000000006	-6.0	-1.3999999999999986	-6.0	-7.399999999999977	-9.199999999999989	-10.600000000000023	-7.400000000000006	1.3999999999999773	-7.600000000000023	-9.599999999999994	-3.8000000000000114	
-45.60000000000002	-7.600000000000023	-31.799999999999997	-31.80000000000001	4.800000000000001	-3.8	-39.0	2.5999999999999943	0.8	-36.39999999999998	2.5999999999999943	-47.0	-42.80000000000001	3.799999999999997	-45.599999999999994	-38.80000000000001	0.8000000000000114	-47.599999999999994	-43.0	6.399999999999999	-39.0	-43.599999999999994	-2.0	-38.39999999999998	-51.39999999999998	9.0	-30.0	-49.39999999999998	0.4000000000000057	-27.0	
-10.600000000000023	29.799999999999955	33.4	22.400000000000006	-0.8000000000000007	0.20000000000000018	21.400000000000006	7.200000000000003	2.0	11.800000000000011	8.599999999999994	20.400000000000006	25.400000000000006	4.200000000000003	-7.400000000000006	6.599999999999994	16.600000000000023	18.80000000000001	14.800000000000011	12.8	-21.0	-6.199999999999989	25.19999999999999	21.399999999999977	-4.800000000000011	22.400000000000006	-22.19999999999999	-14.600000000000023	39.19999999999999	3.1999999999999886	

42.0	22.600000000000023	19.4	14.400000000000006	11.2	-1.0	16.400000000000006	9.599999999999994	-1.8	11.400000000000006	8.199999999999989	24.0	27.0	10.0	21.399999999999977	19.4	11.399999999999977	28.0	34.8	11.4	18.6	29.0	16.0	24.600000000000023	53.8	11.599999999999994	7.0	49.400000000000006	18.19999999999999	12.600000000000023	
39.80000000000001	14.399999999999977	8.600000000000001	6.0	2.2	1.4	7.599999999999994	2.4000000000000057	-0.8	5.599999999999994	0.8000000000000114	15.199999999999989	16.799999999999997	4.399999999999999	17.19999999999999	11.799999999999997	3.0	17.80000000000001	27.4	2.8000000000000007	14.600000000000001	24.4	6.600000000000023	17.0	51.2	1.2000000000000028	4.0	48.400000000000006	8.600000000000023	5.600000000000023	
-4.400000000000006	6.0	-9.799999999999997	0.8000000000000114	0.6	0.7999999999999998	0.4000000000000057	0.19999999999998863	0.2	0.5999999999999943	2.5999999999999943	-4.600000000000023	0.7999999999999972	-1.2000000000000028	-7.800000000000011	-2.0	2.3999999999999773	-4.600000000000023	-0.3999999999999999	0.1999999999999993	-10.600000000000001	-0.6000000000000001	2.7999999999999545	-5.800000000000011	-2.200000000000003	0.5999999999999943	-14.600000000000023	-2.8000000000000114	4.399999999999977	-12.800000000000011	
23.400000000000006	-0.6000000000000227	2.200000000000003	-3.4000000000000057	4.4	-1.6	-6.400000000000006	4.0	3.4	-3.5999999999999943	3.8000000000000114	0.8000000000000114	-1.5999999999999943	6.200000000000003	6.800000000000011	1.2000000000000028	0.0	3.3999999999999773	4.4	3.0	11.399999999999999	10.2	0.20000000000004547	3.6000000000000227	19.799999999999997	2.0	11.600000000000023	23.200000000000003	-1.8000000000000114	5.399999999999977	
30.0	16.200000000000045	57.4	26.200000000000003	2.2	1.7999999999999998	24.599999999999994	3.4000000000000057	0.4	16.400000000000006	0.8000000000000114	40.60000000000002	38.2	8.200000000000003	28.399999999999977	19.400000000000006	5.399999999999977	45.39999999999998	40.0	15.0	17.799999999999997	23.4	12.600000000000023	48.60000000000002	51.0	24.200000000000003	6.399999999999977	36.8	33.19999999999999	34.60000000000002	

19.799999999999997	-9.600000000000023	6.400000000000006	4.0	1.5999999999999996	1.6	6.400000000000006	0.5999999999999943	-1.6	8.800000000000011	1.4000000000000057	8.800000000000011	5.0	2.0	13.800000000000011	9.799999999999997	-2.0	11.0	3.5999999999999943	-1.0	20.799999999999997	13.400000000000006	-4.600000000000023	10.200000000000045	10.0	-5.800000000000011	27.200000000000045	16.400000000000006	-11.0	18.0	
7.0	-12.0	-0.20000000000000284	-0.4000000000000057	0.0	-0.3999999999999999	-3.5999999999999943	-3.5999999999999943	-0.4	-1.1999999999999886	-2.5999999999999943	2.6000000000000227	-5.800000000000001	-3.0	6.600000000000023	-0.20000000000000284	-6.399999999999977	2.1999999999999886	-5.0	-4.0	13.799999999999997	3.4000000000000057	-9.0	3.0	1.2000000000000028	-8.800000000000011	17.600000000000023	5.200000000000003	-13.399999999999977	9.0	
-19.0	0.6000000000000227	-6.599999999999994	-0.7999999999999972	0.19999999999999996	1.7999999999999998	-1.4000000000000057	0.8000000000000114	1.0	-0.4000000000000057	-0.4000000000000057	-5.600000000000023	-2.1999999999999993	-1.2000000000000028	-10.199999999999989	-3.3999999999999986	1.8000000000000114	-8.0	-6.400000000000006	1.0	-15.399999999999999	-9.599999999999994	2.0	-9.600000000000023	-16.200000000000003	3.5999999999999943	-17.799999999999955	-20.200000000000003	5.600000000000023	-11.600000000000023	
-37.599999999999994	-20.0	-6.0	-23.0	2.8	1.7999999999999998	-24.0	1.1999999999999886	-1.2	-20.400000000000006	-0.5999999999999943	-22.0	-30.200000000000003	5.200000000000003	-19.399999999999977	-26.0	-2.0	-19.600000000000023	-32.8	8.2	-10.399999999999999	-32.0	-6.600000000000023	-15.199999999999989	-47.2	13.0	2.7999999999999545	-45.0	-3.8000000000000114	5.600000000000023	
-87.80000000000001	-18.600000000000023	58.400000000000006	3.1999999999999886	4.2	-1.7999999999999998	-9.199999999999989	1.4000000000000057	1.0	-11.400000000000006	-2.5999999999999943	4.199999999999989	-14.0	9.799999999999997	-4.0	-27.599999999999994	-0.8000000000000114	8.800000000000011	-33.4	25.0	-3.3999999999999986	-57.6	-1.6000000000000227	24.0	-76.4	55.400000000000006	12.600000000000023	-98.2	27.600000000000023	48.39999999999998	

-6.399999999999977	8.800000000000011	16.19999999999999	-9.0	1.8000000000000114	0.7999999999999998	-13.800000000000011	7.799999999999997	0.2	-13.399999999999977	9.600000000000001	-6.599999999999994	-12.600000000000023	5.399999999999977	1.6000000000000227	-15.800000000000011	9.400000000000006	3.1999999999999993	-8.199999999999989	7.800000000000011	9.800000000000011	-12.600000000000023	7.800000000000011	14.0	-5.2000000000000455	10.599999999999994	15.0	-5.600000000000023	9.2	17.80000000000001	
-14.799999999999955	-3.4000000000000057	10.599999999999994	-24.600000000000023	2.8000000000000114	0.20000000000000018	-34.60000000000002	-0.5999999999999943	2.2	-35.80000000000001	-2.6000000000000014	-9.200000000000003	-29.399999999999977	4.399999999999977	0.4000000000000057	-29.399999999999977	-2.799999999999997	3.8000000000000007	-20.0	7.400000000000006	8.199999999999989	-21.600000000000023	-4.0	10.600000000000023	-16.0	6.0	6.200000000000003	-14.399999999999977	1.4000000000000004	11.599999999999994	
2.3999999999999773	-1.0	-21.400000000000006	3.6000000000000227	1.0	0.20000000000000018	10.600000000000023	-3.0	-2.2	11.800000000000011	-3.200000000000003	0.7999999999999972	8.199999999999989	-2.0	-8.800000000000011	10.800000000000011	-1.2000000000000028	-10.600000000000001	4.199999999999989	-3.4000000000000057	-15.0	6.399999999999977	-1.0	-15.399999999999977	1.7999999999999545	-4.599999999999994	-15.799999999999997	1.7999999999999545	-2.8000000000000007	-18.19999999999999	
-28.799999999999955	-4.400000000000006	-12.199999999999989	-33.60000000000002	-0.8000000000000114	0.0	-43.60000000000002	-1.4000000000000057	-0.8	-42.0	-3.799999999999997	-29.200000000000003	-39.60000000000002	2.1999999999999886	-24.0	-39.0	-4.400000000000006	-21.2	-30.0	2.5999999999999943	-16.80000000000001	-31.399999999999977	-3.1999999999999886	-14.399999999999977	-29.399999999999977	0.4000000000000057	-13.799999999999997	-27.399999999999977	-1.6000000000000014	-12.199999999999989	
17.799999999999955	-7.400000000000006	57.599999999999994	10.600000000000023	-6.800000000000011	1.4	5.399999999999977	-9.0	-0.8	3.0	-8.600000000000001	32.6	7.399999999999977	-4.0	37.60000000000002	3.1999999999999886	-6.799999999999997	45.4	9.600000000000023	-1.4000000000000057	45.39999999999998	9.199999999999989	-7.400000000000006	55.39999999999998	18.200000000000045	-0.4000000000000057	50.0	18.600000000000023	-2.3999999999999986	54.599999999999994	

-18.200000000000045	-2.5999999999999943	2.0	-7.800000000000011	-7.0	-1.2000000000000002	-8.399999999999977	-7.0	-0.8	-7.600000000000023	-1.3999999999999986	-20.6	-13.399999999999977	-7.800000000000011	-3.0	-14.199999999999989	-3.0	-15.399999999999999	-14.0	-3.5999999999999943	4.0	-19.80000000000001	-2.0	-5.800000000000011	-14.399999999999977	-0.8000000000000114	13.400000000000006	-15.399999999999977	-3.3999999999999986	9.800000000000011	
-40.799999999999955	-1.5999999999999943	0.8000000000000114	-23.80000000000001	-8.199999999999989	2.2	-29.399999999999977	-9.200000000000003	0.19999999999999996	-30.0	-2.200000000000003	-46.0	-38.39999999999998	-9.800000000000011	-22.600000000000023	-41.60000000000002	-0.7999999999999972	-36.0	-36.39999999999998	-6.800000000000011	-8.0	-44.60000000000002	0.0	-16.399999999999977	-37.799999999999955	1.1999999999999886	5.200000000000003	-37.60000000000002	-1.8000000000000007	2.8000000000000114	
-7.0	-6.0	-28.19999999999999	-10.800000000000011	1.5999999999999943	-1.0	-14.399999999999977	2.0	-1.2	-12.399999999999977	-6.600000000000001	-2.6000000000000014	-9.399999999999977	5.800000000000011	-11.0	-4.600000000000023	-4.799999999999997	-9.399999999999999	-6.399999999999977	0.19999999999998863	-23.600000000000023	-1.8000000000000114	-5.400000000000006	-20.80000000000001	-8.600000000000023	-2.8000000000000114	-29.0	-3.7999999999999545	-4.800000000000001	-28.599999999999994	
-30.200000000000045	-10.400000000000006	-34.19999999999999	-23.399999999999977	-5.800000000000011	-1.4	-25.80000000000001	-13.400000000000006	-1.6	-19.399999999999977	-8.399999999999999	-43.400000000000006	-25.80000000000001	-9.199999999999989	-26.599999999999994	-24.19999999999999	-11.200000000000003	-45.0	-26.0	-8.599999999999994	-23.599999999999994	-29.600000000000023	-11.599999999999994	-40.80000000000001	-27.799999999999955	-8.199999999999989	-22.0	-29.200000000000045	-10.399999999999999	-27.200000000000003	
7.7999999999999545	-5.0	49.599999999999994	-1.6000000000000227	-6.0	-1.7999999999999998	-8.800000000000011	-2.5999999999999943	-2.4	-11.0	-4.399999999999999	22.0	-5.600000000000023	-0.19999999999998863	22.80000000000001	-9.800000000000011	-2.4000000000000057	35.4	-0.20000000000004547	4.199999999999989	33.60000000000002	-4.199999999999989	-3.5999999999999943	46.80000000000001	7.0	3.8000000000000114	37.2	7.399999999999977	5.0	47.0	

-18.799999999999955	-16.400000000000006	-21.200000000000003	-1.5999999999999943	-13.400000000000006	1.4000000000000004	2.5999999999999943	-17.799999999999997	0.0	7.599999999999994	-12.399999999999999	-26.0	-7.0	-18.600000000000023	-1.8000000000000114	-1.0	-16.599999999999994	-31.200000000000003	-10.399999999999977	-16.599999999999994	3.6000000000000227	-11.600000000000023	-16.0	-30.399999999999977	-13.399999999999977	-17.19999999999999	10.399999999999999	-15.799999999999955	-19.599999999999994	-5.599999999999994	
-56.0	1.1999999999999886	-27.799999999999997	-22.0	-10.800000000000011	3.0	-21.80000000000001	-9.200000000000003	-0.4	-17.600000000000023	1.3999999999999986	-63.8	-35.19999999999999	-15.199999999999989	-43.19999999999999	-34.60000000000002	3.0	-63.2	-41.19999999999999	-11.599999999999994	-31.80000000000001	-48.60000000000002	1.4000000000000057	-49.39999999999998	-51.60000000000002	-9.199999999999989	-15.8	-53.0	-6.799999999999997	-24.200000000000003	
-3.2000000000000455	-7.599999999999994	-9.599999999999994	-17.0	3.8000000000000114	2.5999999999999996	-20.600000000000023	-1.2000000000000028	3.4	-20.19999999999999	-7.0	-0.7999999999999972	-14.600000000000023	5.800000000000011	-3.6000000000000227	-14.800000000000011	-6.400000000000006	2.799999999999997	-8.199999999999989	5.400000000000006	-6.199999999999989	-6.199999999999989	-7.800000000000011	-1.0	-5.399999999999977	1.5999999999999943	-9.8	-3.2000000000000455	-2.200000000000003	-7.0	
-3.6000000000000227	-6.800000000000011	-48.400000000000006	-3.3999999999999773	2.1999999999999886	-0.7999999999999998	-2.3999999999999773	-4.400000000000006	3.0	0.19999999999998863	-5.600000000000001	-21.0	-1.6000000000000227	-5.0	-18.0	3.8000000000000114	-8.0	-28.200000000000003	-1.0	-8.599999999999994	-28.0	3.6000000000000227	-7.800000000000011	-39.0	-4.600000000000023	-11.400000000000006	-33.8	-2.0	-11.600000000000001	-41.8	
6.7999999999999545	-0.8000000000000114	34.19999999999999	4.399999999999977	-1.0	1.0	0.39999999999997726	-0.3999999999999986	0.4	-0.6000000000000227	-1.7999999999999972	16.200000000000003	1.3999999999999773	1.5999999999999943	17.600000000000023	-2.1999999999999886	-1.5999999999999943	22.0	1.0	6.199999999999989	24.0	-2.3999999999999773	-0.19999999999998863	34.0	5.7999999999999545	6.400000000000006	28.2	5.0	4.399999999999999	32.0	

1.2000000000000455	11.0	-25.400000000000006	5.599999999999994	3.5999999999999943	0.0	7.599999999999994	5.399999999999999	-0.8	8.0	9.200000000000003	-12.400000000000006	6.800000000000011	1.8000000000000114	-17.600000000000023	7.800000000000011	9.599999999999994	-19.0	3.3999999999999773	3.5999999999999943	-25.19999999999999	3.3999999999999773	11.400000000000006	-23.80000000000001	2.3999999999999773	0.8000000000000114	-26.200000000000003	3.6000000000000227	8.0	-27.4	
-38.799999999999955	-10.0	-62.2	0.19999999999998863	-22.80000000000001	1.7999999999999998	4.199999999999989	-21.799999999999997	1.4	8.400000000000006	-9.399999999999999	-53.2	-12.600000000000023	-32.599999999999994	-39.0	-2.0	-9.800000000000011	-66.6	-21.80000000000001	-34.80000000000001	-41.400000000000006	-22.0	-10.199999999999989	-73.80000000000001	-38.799999999999955	-35.0	-31.6	-40.0	-25.599999999999994	-53.2	
-13.200000000000045	-6.199999999999989	0.5999999999999943	-14.599999999999994	0.0	-1.0	-21.19999999999999	-0.20000000000000284	1.8	-20.400000000000006	-3.200000000000003	-7.799999999999997	-20.19999999999999	2.0	-7.199999999999989	-18.80000000000001	-5.400000000000006	-5.0	-15.600000000000023	2.4000000000000057	-2.8000000000000114	-18.0	-5.800000000000011	-0.6000000000000227	-14.799999999999955	2.1999999999999886	-1.6000000000000014	-12.0	-0.3999999999999986	1.3999999999999986	
-21.799999999999955	-1.1999999999999886	-62.0	-34.0	3.5999999999999943	1.2000000000000002	-39.60000000000002	1.3999999999999986	-0.6	-37.60000000000002	-0.3999999999999986	-45.0	-35.0	4.400000000000006	-52.39999999999998	-30.600000000000023	0.0	-49.2	-26.600000000000023	2.4000000000000057	-60.0	-24.80000000000001	-1.5999999999999943	-55.60000000000002	-29.799999999999955	-2.1999999999999886	-67.6	-23.0	-3.799999999999997	-67.0	
7.399999999999977	-6.0	75.0	19.80000000000001	-10.200000000000003	5.0	23.399999999999977	-10.0	1.8	20.600000000000023	-7.399999999999999	37.0	16.19999999999999	-8.400000000000006	44.80000000000001	10.600000000000023	-5.799999999999997	44.400000000000006	13.0	-3.0	56.19999999999999	4.0	-5.0	57.19999999999999	14.399999999999977	3.1999999999999886	65.6	10.600000000000023	0.7999999999999972	71.2	

37.0	0.4000000000000057	-30.0	14.800000000000011	-1.2000000000000028	1.5999999999999996	28.599999999999994	-1.4000000000000004	-0.8	30.0	1.7999999999999972	8.800000000000011	30.19999999999999	-7.199999999999989	5.399999999999977	36.599999999999994	0.4000000000000057	-2.1999999999999886	30.0	-11.199999999999989	-4.800000000000011	36.0	-0.19999999999998863	-15.800000000000011	29.0	-18.400000000000006	-12.0	31.200000000000045	-13.399999999999999	-24.599999999999994	
18.399999999999977	-4.400000000000006	-88.6	21.599999999999994	-14.400000000000006	-1.7999999999999998	38.19999999999999	-13.8	-0.4	40.80000000000001	-3.0	-15.599999999999994	34.19999999999999	-31.599999999999994	-20.0	48.0	-3.5999999999999943	-36.400000000000006	28.80000000000001	-37.599999999999994	-41.19999999999999	44.599999999999994	-3.6000000000000227	-67.19999999999999	19.200000000000045	-47.0	-51.400000000000006	22.399999999999977	-33.2	-78.6	
1.0	-3.0	-6.6	-7.400000000000006	0.7999999999999972	3.2	-7.0	-1.6	3.0	-8.400000000000006	-2.0	-3.0	-6.399999999999977	0.5999999999999943	-2.6000000000000227	-4.800000000000011	-3.8000000000000114	-2.4000000000000057	-3.6000000000000227	1.0	-4.599999999999994	-3.0	-1.8000000000000114	-1.1999999999999886	-1.6000000000000227	-1.0	-7.799999999999997	-2.3999999999999773	-2.8000000000000007	-5.600000000000001	
-10.200000000000045	-6.599999999999994	-29.8	-23.399999999999977	7.799999999999997	-3.2	-32.19999999999999	1.2	3.4	-30.0	-2.799999999999997	-24.0	-27.19999999999999	6.199999999999989	-23.80000000000001	-25.19999999999999	-5.0	-23.80000000000001	-17.399999999999977	2.799999999999997	-24.400000000000006	-16.80000000000001	-5.199999999999989	-21.0	-14.799999999999955	2.1999999999999886	-28.400000000000006	-11.0	-2.1999999999999993	-26.799999999999997	
-31.0	4.800000000000011	55.0	1.0	-9.799999999999997	1.0	2.6000000000000227	-6.0	-2.2	-4.800000000000011	-0.4000000000000057	5.799999999999997	-8.199999999999989	-7.400000000000006	3.1999999999999886	-19.80000000000001	1.4000000000000057	13.0	-18.0	1.7999999999999972	15.599999999999994	-32.39999999999998	4.0	29.399999999999977	-26.0	8.800000000000011	32.2	-28.600000000000023	11.2	44.4	

-36.0	7.0	28.6	-7.0	8.200000000000003	8.0	-11.599999999999994	7.0	1.4	-10.599999999999994	5.799999999999997	-5.0	-14.600000000000023	10.0	-4.0	-17.80000000000001	5.400000000000006	0.19999999999998863	-19.80000000000001	15.0	6.400000000000006	-28.80000000000001	6.800000000000011	10.199999999999989	-26.399999999999977	22.0	14.599999999999994	-32.0	15.399999999999999	21.0	
2.3999999999999773	5.600000000000023	-64.19999999999999	-1.0	-6.200000000000003	3.4000000000000004	0.5999999999999943	-5.0	1.2	3.5999999999999943	0.0	-25.0	4.199999999999989	-11.0	-30.600000000000023	8.0	0.8000000000000114	-36.0	4.199999999999989	-16.0	-42.0	11.0	4.800000000000011	-49.39999999999998	-2.7999999999999545	-22.19999999999999	-49.0	-0.20000000000004547	-11.399999999999999	-63.0	
-0.39999999999997726	-7.399999999999977	-4.400000000000006	-10.800000000000011	1.5999999999999943	-4.8	-12.0	-3.0	-1.2	-11.199999999999989	-3.200000000000003	-5.0	-10.600000000000023	-0.8000000000000114	-2.6000000000000227	-8.0	-5.400000000000006	-3.8000000000000114	-5.800000000000011	0.8000000000000114	-0.4000000000000057	-5.0	-6.199999999999989	-1.3999999999999773	-2.3999999999999773	-0.8000000000000114	-2.4000000000000057	-2.7999999999999545	-4.199999999999999	-1.4000000000000057	
-14.0	-13.599999999999994	-13.400000000000006	-21.0	3.799999999999997	-2.4	-27.400000000000006	-3.8000000000000007	1.8	-22.80000000000001	-7.0	-18.400000000000006	-26.19999999999999	2.4000000000000057	-9.199999999999989	-21.400000000000006	-9.400000000000006	-15.800000000000011	-20.0	3.0	-5.0	-15.0	-13.199999999999989	-12.0	-16.799999999999955	0.8000000000000114	-5.800000000000011	-12.200000000000045	-9.0	-5.800000000000011	
-22.399999999999977	3.8000000000000114	25.200000000000003	12.199999999999989	-10.0	-1.0	11.800000000000011	-7.8	-0.2	8.800000000000011	-3.4000000000000057	4.599999999999994	7.399999999999977	-12.800000000000011	-2.1999999999999886	-1.5999999999999943	-1.5999999999999943	0.0	-3.8000000000000114	-7.599999999999994	-3.0	-13.199999999999989	3.1999999999999886	6.800000000000011	-13.200000000000045	-3.6000000000000227	6.400000000000006	-19.799999999999955	4.200000000000003	14.599999999999994	

18.0	9.0	-19.399999999999977	11.400000000000006	2.5999999999999943	-2.0	16.19999999999999	5.199999999999999	1.2	15.800000000000011	7.200000000000003	-3.8000000000000114	17.599999999999994	-1.4000000000000057	-6.399999999999977	19.0	8.599999999999994	-6.800000000000011	16.80000000000001	-3.8000000000000114	-11.799999999999997	20.6	10.199999999999989	-14.399999999999977	18.0	-8.0	-18.600000000000023	18.399999999999977	1.0	-22.600000000000023	
59.80000000000001	12.600000000000023	-56.19999999999999	12.400000000000006	-3.200000000000003	-3.0	18.400000000000006	-1.1999999999999993	0.8	17.80000000000001	4.200000000000003	-0.8000000000000114	29.0	-8.599999999999994	-6.800000000000011	32.6	5.800000000000011	-6.199999999999989	34.599999999999994	-15.0	-21.799999999999997	49.6	9.800000000000011	-25.0	45.80000000000001	-31.0	-41.0	56.19999999999999	-14.400000000000006	-57.19999999999999	
-8.800000000000011	-1.3999999999999773	-9.800000000000011	-4.800000000000011	-5.599999999999994	1.5999999999999996	-7.400000000000006	-4.4	0.8	-7.800000000000011	-3.200000000000003	-10.400000000000006	-7.599999999999994	-4.0	-12.199999999999989	-10.200000000000003	-1.0	-9.0	-7.199999999999989	-4.599999999999994	-11.799999999999997	-10.0	-1.0	-8.600000000000023	-9.600000000000023	-2.8000000000000114	-12.399999999999977	-11.0	-0.5999999999999943	-11.600000000000023	
12.399999999999977	-7.199999999999989	-0.6000000000000227	-5.599999999999994	2.4000000000000057	1.2000000000000002	-8.199999999999989	1.1999999999999993	0.8	-7.800000000000011	2.4000000000000057	-3.1999999999999886	-6.199999999999989	4.199999999999989	0.0	-4.799999999999997	-2.1999999999999886	0.0	-1.1999999999999886	3.4000000000000057	2.799999999999997	3.200000000000003	-2.6000000000000227	2.8000000000000114	8.199999999999989	2.8000000000000114	2.0	11.600000000000023	0.0	2.3999999999999773	
-2.6000000000000227	14.800000000000011	8.600000000000023	18.80000000000001	-11.799999999999997	-1.7999999999999998	28.19999999999999	-10.0	-0.6	22.19999999999999	-1.5999999999999943	9.400000000000006	27.0	-16.599999999999994	-1.6000000000000227	19.599999999999994	4.0	1.8000000000000114	15.800000000000011	-15.400000000000006	-13.0	8.399999999999999	9.600000000000023	-2.1999999999999886	6.199999999999989	-11.600000000000023	-13.800000000000011	-1.6000000000000227	5.400000000000006	-10.399999999999977	

39.8	27.0	12.0	17.599999999999994	9.0	-0.5999999999999996	18.799999999999997	13.399999999999999	-2.2	14.0	12.599999999999994	18.0	25.4	13.400000000000006	12.800000000000011	20.200000000000003	17.19999999999999	19.0	31.0	12.800000000000011	7.799999999999997	28.400000000000006	21.399999999999977	18.80000000000001	48.0	10.600000000000023	-1.8000000000000114	47.2	20.200000000000003	3.8000000000000114	
50.4	21.600000000000023	-6.399999999999977	3.5999999999999943	5.400000000000006	2.8	1.0	9.799999999999997	0.4	-1.4000000000000057	8.199999999999989	5.199999999999989	12.0	9.400000000000006	-1.1999999999999886	8.599999999999994	11.599999999999994	7.399999999999977	26.0	4.400000000000006	-5.400000000000006	23.400000000000006	14.399999999999977	8.800000000000011	47.400000000000006	-0.8000000000000114	-18.399999999999977	51.4	12.200000000000003	-15.600000000000023	
0.0	-5.0	-5.199999999999989	-9.400000000000006	1.0	-2.6	-12.200000000000003	-1.0	-0.2	-10.599999999999994	-3.0	-8.599999999999994	-11.0	-0.5999999999999943	-7.0	-9.0	-3.0	-6.800000000000011	-5.399999999999999	-1.4000000000000057	-6.400000000000006	-6.0	-4.399999999999977	-3.8000000000000114	-3.4000000000000057	-2.6000000000000227	-4.0	-2.799999999999997	-3.799999999999997	-3.8000000000000114	
7.200000000000003	-8.199999999999989	13.600000000000023	-18.19999999999999	5.400000000000006	1.7999999999999998	-24.19999999999999	3.200000000000003	-0.8	-25.0	-2.5999999999999943	-11.800000000000011	-21.0	10.599999999999994	-7.600000000000023	-23.8	-3.4000000000000057	-6.0	-11.0	12.400000000000006	0.20000000000000284	-16.19999999999999	-5.199999999999989	5.0	-0.4000000000000057	13.600000000000023	2.8000000000000114	1.4000000000000057	4.599999999999994	13.399999999999977	
6.200000000000003	18.399999999999977	29.0	22.599999999999994	-2.5999999999999943	1.7999999999999998	22.799999999999997	-1.8000000000000007	-2.0	20.400000000000006	1.7999999999999972	26.0	29.599999999999994	-4.800000000000011	15.800000000000011	21.4	5.800000000000011	24.19999999999999	24.6	-2.8000000000000114	8.200000000000003	14.800000000000011	11.600000000000023	23.19999999999999	29.19999999999999	2.8000000000000114	1.6000000000000227	15.799999999999997	17.400000000000006	11.399999999999977	

7.199999999999989	-0.39999999999997726	30.799999999999955	12.200000000000003	8.599999999999994	-2.2	15.200000000000003	4.399999999999999	1.0	16.599999999999994	4.800000000000011	24.80000000000001	15.6	9.400000000000006	27.0	15.0	1.4000000000000057	26.19999999999999	13.599999999999994	11.800000000000011	32.599999999999994	16.399999999999977	-1.0	29.399999999999977	22.2	16.399999999999977	40.0	18.0	3.4000000000000057	41.60000000000002	
-7.0	-3.0	1.0	-11.0	3.799999999999997	2.5999999999999996	-19.799999999999997	2.799999999999997	1.6	-18.0	1.1999999999999886	-12.0	-15.200000000000003	5.800000000000011	-11.600000000000023	-19.200000000000003	-0.19999999999998863	-12.0	-13.0	7.800000000000011	-7.599999999999994	-16.600000000000023	-0.8000000000000114	-2.8000000000000114	-9.0	8.799999999999955	-4.800000000000011	-8.199999999999989	6.0	1.0	
-36.0	4.0	-4.2000000000000455	-8.400000000000006	-2.799999999999997	2.2	-12.400000000000006	-0.6000000000000014	-0.8	-16.0	-1.0	-16.599999999999994	-15.200000000000003	-0.5999999999999943	-18.80000000000001	-18.400000000000006	2.0	-18.400000000000006	-15.799999999999997	3.5999999999999943	-21.0	-26.0	3.0	-15.0	-23.799999999999997	7.399999999999977	-22.399999999999977	-31.0	10.400000000000006	-14.600000000000023	
-40.599999999999994	-20.399999999999977	26.19999999999999	-23.19999999999999	3.200000000000003	-1.2000000000000002	-33.400000000000006	0.7999999999999972	-0.8	-30.19999999999999	-4.400000000000006	-17.80000000000001	-35.0	9.400000000000006	-11.800000000000011	-37.6	-6.599999999999994	-10.599999999999994	-36.6	17.80000000000001	-1.5999999999999943	-44.0	-13.199999999999989	5.800000000000011	-32.599999999999994	26.399999999999977	13.199999999999989	-41.599999999999994	9.599999999999994	32.0	
-105.0	15.600000000000023	30.399999999999977	5.400000000000006	-7.200000000000003	-2.0	1.2000000000000028	-4.200000000000003	-0.2	-3.5999999999999943	-1.4000000000000057	-4.599999999999994	-3.0	-5.0	-15.199999999999989	-19.200000000000003	4.800000000000011	-8.599999999999994	-18.4	6.400000000000006	-24.4	-53.19999999999999	11.199999999999989	-6.0	-54.599999999999994	28.80000000000001	-21.600000000000023	-90.2	41.2	-0.20000000000004547	

4.7999999999999545	6.799999999999997	31.400000000000006	9.600000000000023	-3.4000000000000057	-0.6000000000000001	6.0	0.5999999999999943	1.0	4.600000000000023	6.800000000000001	10.799999999999997	7.399999999999977	0.19999999999998863	17.399999999999977	1.8000000000000114	7.200000000000003	21.4	4.399999999999977	3.4000000000000057	29.19999999999999	2.8000000000000114	7.800000000000011	31.600000000000023	12.600000000000023	6.599999999999994	32.2	9.0	8.399999999999999	34.0	
-19.600000000000023	-3.0	-15.800000000000011	-15.600000000000023	-1.0	1.2000000000000002	-25.19999999999999	-2.5999999999999943	1.2	-24.600000000000023	-3.8000000000000007	-22.400000000000006	-23.399999999999977	-0.4000000000000057	-19.19999999999999	-25.399999999999977	-3.799999999999997	-20.6	-20.80000000000001	2.0	-19.80000000000001	-21.399999999999977	-3.4000000000000057	-18.19999999999999	-20.600000000000023	0.19999999999998863	-14.0	-20.0	-1.0	-14.0	
-2.6000000000000227	-2.5999999999999943	-11.199999999999989	4.399999999999977	-3.5999999999999943	-2.0	6.399999999999977	-1.7999999999999972	-1.8	5.199999999999989	-0.8000000000000007	-4.200000000000003	4.199999999999989	-4.599999999999994	-5.199999999999989	3.6000000000000227	-1.7999999999999972	-8.799999999999997	1.0	-4.0	-5.600000000000023	0.6000000000000227	-2.0	-9.0	-1.0	-6.199999999999989	-6.799999999999997	-1.6000000000000227	-4.600000000000001	-10.0	
-35.200000000000045	-5.599999999999994	-15.400000000000006	-27.0	-11.800000000000011	-0.20000000000000018	-34.0	-13.599999999999994	-1.8	-36.39999999999998	-8.8	-50.0	-37.60000000000002	-10.400000000000006	-23.19999999999999	-41.19999999999999	-8.600000000000001	-41.0	-32.60000000000002	-6.0	-14.399999999999977	-41.200000000000045	-7.599999999999994	-28.19999999999999	-32.39999999999998	-3.8000000000000114	-8.599999999999994	-34.39999999999998	-5.0	-9.400000000000006	
10.600000000000023	-4.799999999999997	35.599999999999994	2.3999999999999773	-4.0	0.7999999999999998	-0.6000000000000227	-6.200000000000003	-2.4	-5.600000000000023	-5.399999999999999	20.4	1.1999999999999886	-3.5999999999999943	17.600000000000023	-5.0	-1.6000000000000014	29.799999999999997	2.3999999999999773	-1.1999999999999886	24.19999999999999	0.8000000000000114	-1.8000000000000114	35.19999999999999	6.7999999999999545	-0.19999999999998863	22.400000000000006	9.399999999999977	-0.6000000000000014	30.400000000000006	

-7.2000000000000455	-1.0	17.19999999999999	4.600000000000023	-8.800000000000011	3.4000000000000004	8.399999999999977	-12.0	1.4	7.199999999999989	-6.600000000000001	-16.6	0.0	-8.800000000000011	13.399999999999977	-3.8000000000000114	-4.2	-10.200000000000003	-0.39999999999997726	-2.5999999999999943	23.399999999999977	-11.600000000000023	-3.4000000000000057	6.600000000000023	0.7999999999999545	3.0	31.0	-4.7999999999999545	0.4000000000000057	27.80000000000001	
-41.0	-2.0	-6.0	-20.80000000000001	-8.400000000000006	-0.6000000000000001	-31.19999999999999	-10.0	2.4	-28.399999999999977	-6.799999999999997	-44.6	-33.19999999999999	-10.600000000000023	-24.600000000000023	-39.0	-6.199999999999999	-39.0	-33.0	-5.0	-16.80000000000001	-44.39999999999998	-3.0	-24.0	-38.39999999999998	-0.8000000000000114	-5.599999999999994	-39.799999999999955	-2.200000000000003	-5.800000000000011	
6.0	-3.4000000000000057	-8.400000000000006	0.19999999999998863	2.8000000000000114	0.0	1.0	2.799999999999997	0.8	2.0	-0.20000000000000284	3.1999999999999993	3.1999999999999886	2.4000000000000057	-2.8000000000000114	5.600000000000023	-0.8000000000000007	-0.20000000000000284	3.3999999999999773	-1.0	-6.199999999999989	7.399999999999977	-1.5999999999999943	-5.800000000000011	3.6000000000000227	-1.4000000000000057	-11.799999999999997	5.600000000000023	-2.0	-10.800000000000011	
-20.399999999999977	-9.400000000000006	-27.80000000000001	-6.600000000000023	-11.800000000000011	-0.7999999999999998	-7.199999999999989	-13.199999999999989	1.0	-5.199999999999989	-10.799999999999997	-29.8	-12.399999999999977	-13.0	-16.600000000000023	-8.0	-12.2	-34.8	-13.0	-11.400000000000006	-17.399999999999977	-17.399999999999977	-11.799999999999997	-33.80000000000001	-17.399999999999977	-11.0	-15.799999999999997	-17.600000000000023	-13.400000000000006	-20.19999999999999	
10.0	-0.5999999999999943	44.599999999999994	-1.3999999999999773	-6.599999999999994	-1.2000000000000002	-5.600000000000023	-3.1999999999999886	0.2	-7.199999999999989	-6.0	23.2	-0.8000000000000114	-1.1999999999999886	21.19999999999999	-8.399999999999977	-2.5999999999999996	33.599999999999994	3.1999999999999886	1.1999999999999886	27.399999999999977	-0.8000000000000114	-0.7999999999999972	44.39999999999998	7.600000000000023	4.199999999999989	28.599999999999994	8.600000000000023	3.799999999999997	36.400000000000006	

-13.0	-17.4	-1.1999999999999886	2.1999999999999886	-14.400000000000006	-0.7999999999999998	5.0	-19.400000000000006	-1.2	8.0	-15.399999999999999	-11.400000000000006	-0.19999999999998863	-18.80000000000001	10.0	0.6000000000000227	-17.6	-15.599999999999994	-3.1999999999999886	-16.0	12.399999999999977	-7.399999999999977	-17.799999999999997	-12.600000000000023	-4.7999999999999545	-13.199999999999989	14.599999999999994	-9.799999999999955	-17.19999999999999	7.400000000000006	
-48.799999999999955	-7.0	-28.599999999999994	-11.399999999999977	-15.0	0.0	-8.0	-17.0	-1.8	-3.1999999999999886	-8.600000000000001	-52.8	-19.80000000000001	-19.399999999999977	-29.0	-19.600000000000023	-9.4	-58.599999999999994	-28.19999999999999	-17.0	-21.399999999999977	-35.60000000000002	-8.200000000000003	-46.60000000000002	-35.799999999999955	-14.0	-10.599999999999994	-40.200000000000045	-12.800000000000011	-20.80000000000001	
-2.0	8.600000000000001	9.0	-5.800000000000011	4.599999999999994	4.6	-7.800000000000011	5.599999999999994	-0.6	-8.0	4.200000000000003	-1.0	-3.0	3.5999999999999943	-4.399999999999977	-10.0	6.0	3.0	-5.600000000000023	6.400000000000006	-2.6000000000000227	-6.399999999999977	7.400000000000006	5.199999999999989	-3.3999999999999773	7.199999999999989	-1.2000000000000028	-3.6000000000000227	8.400000000000006	2.4000000000000057	
4.600000000000023	-8.600000000000001	-21.599999999999994	2.6000000000000227	-3.8000000000000114	1.0	4.600000000000023	-2.4000000000000057	-3.2	6.600000000000023	-4.0	-2.4000000000000057	4.800000000000011	-4.400000000000006	-2.6000000000000227	9.399999999999977	-6.2	-7.800000000000011	3.6000000000000227	-6.199999999999989	-8.399999999999977	8.199999999999989	-7.200000000000003	-15.399999999999977	3.3999999999999773	-6.800000000000011	-10.0	3.2000000000000455	-9.599999999999994	-16.599999999999994	
2.7999999999999545	-4.600000000000001	44.19999999999999	5.399999999999977	-7.0	-2.4	0.39999999999997726	-9.400000000000006	-0.6	-1.1999999999999886	-9.399999999999999	19.200000000000003	4.399999999999977	-9.800000000000011	20.399999999999977	-5.0	-7.6	25.599999999999994	4.600000000000023	-2.8000000000000114	27.399999999999977	-2.6000000000000227	-5.400000000000006	36.799999999999955	8.0	-1.0	28.400000000000006	4.2000000000000455	0.7999999999999972	37.400000000000006	

0.6000000000000227	-10.2	-15.799999999999997	4.0	-5.199999999999989	-2.4	9.199999999999989	-8.400000000000006	0.8	10.399999999999977	-4.799999999999997	-5.800000000000011	5.399999999999977	-8.599999999999994	1.0	12.0	-9.0	-11.800000000000011	5.199999999999989	-9.800000000000011	0.8000000000000114	6.0	-8.599999999999994	-13.800000000000011	3.0	-8.800000000000011	1.7999999999999972	0.6000000000000227	-12.199999999999989	-8.799999999999997	
-22.0	-22.4	-60.400000000000006	14.0	-22.400000000000006	1.4	21.19999999999999	-27.400000000000006	2.0	28.400000000000006	-16.6	-39.599999999999994	8.600000000000023	-34.80000000000001	-18.0	19.0	-20.8	-58.0	-2.8000000000000114	-35.80000000000001	-21.80000000000001	-1.0	-23.599999999999994	-65.80000000000001	-15.600000000000023	-35.19999999999999	-17.200000000000003	-19.399999999999977	-35.599999999999994	-41.400000000000006	
-10.0	3.3999999999999986	6.0	-5.600000000000023	-0.5999999999999943	-1.0	-9.800000000000011	0.0	1.4	-8.399999999999977	0.6000000000000014	-6.800000000000011	-8.199999999999989	1.8000000000000114	-6.399999999999977	-10.399999999999977	2.799999999999997	-1.5999999999999943	-9.800000000000011	3.5999999999999943	-1.6000000000000227	-11.800000000000011	3.200000000000003	1.6000000000000227	-9.399999999999977	3.4000000000000057	-0.4000000000000057	-9.399999999999977	4.200000000000003	2.4000000000000057	
-1.2000000000000455	-6.799999999999997	-26.799999999999997	-7.800000000000011	-2.1999999999999886	-0.3999999999999999	-10.800000000000011	-0.20000000000000284	0.6	-7.0	-2.6000000000000014	-10.599999999999994	-4.800000000000011	0.0	-12.199999999999989	-2.8000000000000114	-5.0	-13.599999999999994	-6.399999999999977	-3.8000000000000114	-18.399999999999977	0.19999999999998863	-5.200000000000003	-17.600000000000023	-5.2000000000000455	-6.800000000000011	-20.0	-2.6000000000000227	-7.400000000000006	-22.599999999999994	
-3.3999999999999773	-1.0	37.400000000000006	4.600000000000023	-10.599999999999994	-0.5999999999999996	4.199999999999989	-9.799999999999997	0.6	2.0	-7.600000000000001	16.80000000000001	3.3999999999999773	-7.199999999999989	17.399999999999977	-4.0	-5.600000000000001	20.0	1.6000000000000227	-6.199999999999989	23.0	-7.0	-3.4000000000000057	26.600000000000023	4.0	-3.0	26.799999999999997	-0.6000000000000227	0.5999999999999943	32.19999999999999	

33.0	-9.0	-32.0	7.800000000000011	1.0	-2.0	15.0	0.0	-1.4	17.599999999999994	-0.8000000000000007	1.8000000000000114	16.399999999999977	-3.1999999999999886	2.3999999999999773	27.19999999999999	-4.0	-4.0	20.0	-8.599999999999994	-6.800000000000011	31.80000000000001	-6.599999999999994	-17.600000000000023	22.399999999999977	-15.800000000000011	-13.600000000000001	26.200000000000045	-14.800000000000011	-22.799999999999997	
34.60000000000002	-35.2	-68.0	20.399999999999977	-15.199999999999989	-0.7999999999999998	36.0	-19.599999999999994	-0.6	39.0	-16.0	-3.1999999999999886	29.0	-26.80000000000001	3.8000000000000114	50.400000000000006	-23.0	-19.400000000000006	27.19999999999999	-35.400000000000006	-6.800000000000011	49.80000000000001	-30.6	-44.60000000000002	24.799999999999955	-44.80000000000001	-14.799999999999997	30.200000000000045	-49.19999999999999	-41.8	
-5.0	4.0	-2.6000000000000014	1.6000000000000227	-1.4000000000000057	2.5999999999999996	2.0	-1.4000000000000057	1.4	1.8000000000000114	0.8000000000000007	-3.1999999999999886	1.3999999999999773	-0.8000000000000114	-4.399999999999977	0.5999999999999943	-0.6000000000000014	-3.5999999999999943	0.39999999999997726	0.19999999999998863	-2.0	-1.3999999999999773	1.2000000000000028	-2.6000000000000227	1.6000000000000227	-2.4000000000000057	-3.3999999999999986	0.7999999999999545	0.4000000000000057	-5.400000000000006	
21.0	-11.8	-19.8	-2.1999999999999886	2.5999999999999943	-2.2	-1.0	1.4000000000000057	-0.3999999999999999	0.39999999999997726	-0.1999999999999993	0.8000000000000114	3.3999999999999773	3.4000000000000057	-2.0	8.0	-3.3999999999999986	1.0	7.199999999999989	-1.5999999999999943	-4.600000000000023	16.80000000000001	-8.0	-7.800000000000011	11.0	-5.399999999999977	-11.799999999999997	18.200000000000045	-8.800000000000011	-14.0	
-29.600000000000023	6.399999999999999	53.8	3.1999999999999886	-11.400000000000006	-1.4	-0.8000000000000114	-11.0	0.8	-6.199999999999989	-7.399999999999999	6.400000000000006	-8.399999999999977	-9.199999999999989	14.399999999999977	-19.19999999999999	-3.6000000000000014	11.199999999999989	-14.199999999999989	-0.4000000000000057	27.19999999999999	-32.19999999999999	0.5999999999999943	28.0	-17.399999999999977	6.0	40.0	-27.399999999999977	8.599999999999994	45.599999999999994	

-57.799999999999955	30.2	17.200000000000003	-2.6000000000000227	5.0	4.2	-3.1999999999999886	7.799999999999997	1.4	-3.5999999999999943	12.2	-20.80000000000001	-10.800000000000011	6.599999999999994	-13.600000000000023	-18.80000000000001	15.4	-23.599999999999994	-20.80000000000001	13.599999999999994	-8.0	-42.19999999999999	21.0	-12.399999999999977	-32.799999999999955	26.600000000000023	3.799999999999997	-45.39999999999998	29.0	7.399999999999999	
7.399999999999977	-26.6	-45.599999999999994	1.3999999999999773	-7.400000000000006	-1.4000000000000004	4.0	-11.400000000000006	-0.8	8.0	-10.0	-11.400000000000006	-0.39999999999997726	-14.0	-6.600000000000023	11.599999999999994	-14.0	-19.0	1.8000000000000114	-17.80000000000001	-11.0	15.0	-20.6	-28.399999999999977	-2.6000000000000227	-23.600000000000023	-12.399999999999999	1.3999999999999773	-30.599999999999994	-25.6	
-10.600000000000023	2.6000000000000014	1.0	-1.1999999999999886	-0.4000000000000057	0.8	-5.600000000000023	-2.4000000000000057	-1.0	-6.400000000000006	-0.5999999999999996	-6.400000000000006	-5.399999999999977	-3.4000000000000057	-7.399999999999977	-7.199999999999989	-1.1999999999999993	-7.599999999999994	-6.199999999999989	-2.0	-7.399999999999977	-22.0	8.0	1.1999999999999886	-13.200000000000045	10.0	-4.600000000000001	-17.0	13.199999999999989	3.2	
-15.799999999999955	-0.3999999999999986	-0.7999999999999972	-15.199999999999989	-0.4000000000000057	-3.0	-20.399999999999977	1.5999999999999943	1.2	-20.19999999999999	1.1999999999999993	-10.0	-17.19999999999999	5.400000000000006	-12.399999999999977	-22.400000000000006	2.1999999999999993	-7.800000000000011	-15.0	8.0	-9.0	-19.599999999999994	2.799999999999997	-0.8000000000000114	-19.0	8.600000000000023	-7.800000000000001	-16.600000000000023	5.199999999999989	-5.0	
-39.39999999999998	6.600000000000001	13.599999999999994	5.600000000000023	-14.800000000000011	-4.4	5.600000000000023	-14.0	-1.6	8.0	-9.600000000000001	-7.800000000000011	-1.3999999999999773	-17.19999999999999	1.8000000000000114	-6.199999999999989	-6.8	-10.199999999999989	-11.199999999999989	-11.400000000000006	1.6000000000000227	-25.19999999999999	-1.6000000000000014	-6.0	-19.0	-5.0	14.200000000000003	-29.399999999999977	2.8000000000000114	11.4	

16.19999999999999	3.0	-9.199999999999989	27.599999999999994	-0.5999999999999943	-1.6	39.19999999999999	0.5999999999999943	-0.4	41.80000000000001	5.6	14.199999999999989	33.80000000000001	-2.8000000000000114	21.0	41.4	5.4	6.800000000000011	26.80000000000001	-7.400000000000006	15.600000000000023	31.799999999999997	3.200000000000003	-6.199999999999989	23.399999999999977	-6.600000000000023	16.6	18.19999999999999	-4.0	0.0	
39.19999999999999	-27.400000000000006	-42.60000000000002	11.0	-6.400000000000006	-1.0	12.800000000000011	-7.599999999999994	-2.6	18.400000000000006	-7.0	0.0	14.199999999999989	-13.0	2.3999999999999773	27.6	-10.8	-6.400000000000006	16.600000000000023	-20.80000000000001	-2.3999999999999773	37.4	-18.6	-20.19999999999999	19.0	-32.80000000000001	-4.399999999999999	30.80000000000001	-37.60000000000002	-23.0	
-3.3999999999999773	5.399999999999999	-21.19999999999999	-7.800000000000011	-0.5999999999999943	0.5999999999999996	-5.800000000000011	-4.599999999999994	0.0	-6.599999999999994	-0.7999999999999998	-13.199999999999989	-5.399999999999977	-4.800000000000011	-15.0	-5.599999999999994	-1.1999999999999993	-14.400000000000006	-3.6000000000000227	-4.400000000000006	-17.399999999999977	-4.200000000000003	2.3999999999999986	-16.399999999999977	-5.600000000000023	-7.399999999999977	-20.400000000000006	-5.0	-2.3999999999999773	-22.80000000000001	
18.600000000000023	-22.599999999999994	-10.800000000000011	-4.800000000000011	0.7999999999999972	-2.4000000000000004	-2.5999999999999943	-3.799999999999997	2.8	-0.19999999999998863	-5.199999999999999	-6.199999999999989	-4.0	-2.8000000000000114	-3.1999999999999886	2.200000000000003	-6.800000000000001	-4.599999999999994	-1.8000000000000114	-4.400000000000006	-2.1999999999999886	8.200000000000003	-13.0	-6.800000000000011	5.2000000000000455	-6.600000000000023	-3.4000000000000057	10.600000000000023	-12.199999999999989	-5.0	
-17.600000000000023	21.6	-3.3999999999999773	20.0	-14.0	-1.2000000000000002	24.400000000000006	-10.0	0.8	20.599999999999994	-3.1999999999999993	-1.1999999999999886	19.600000000000023	-18.0	-4.199999999999989	14.400000000000006	1.0	-11.800000000000011	11.600000000000023	-15.399999999999977	-12.399999999999977	-1.3999999999999986	12.0	-18.0	1.6000000000000227	-12.399999999999977	-10.400000000000006	-9.199999999999989	5.199999999999989	-16.80000000000001	

31.200000000000003	10.199999999999989	-30.80000000000001	21.19999999999999	5.599999999999994	1.6	31.400000000000006	8.599999999999994	-2.2	31.799999999999997	12.4	6.0	30.80000000000001	0.39999999999997726	6.0	37.8	13.0	-3.5999999999999943	29.400000000000006	-3.3999999999999773	-2.1999999999999886	40.80000000000001	12.2	-18.0	27.600000000000023	-8.0	-6.799999999999997	28.19999999999999	-5.800000000000011	-22.400000000000006	
40.2	-11.800000000000011	-11.600000000000023	2.4000000000000057	-2.4000000000000057	-4.6	4.400000000000006	-2.200000000000003	-0.8	7.400000000000006	0.0	4.800000000000011	8.800000000000011	-2.6000000000000227	2.3999999999999773	13.600000000000001	-1.8	3.8000000000000114	12.599999999999994	-7.800000000000011	2.8000000000000114	25.19999999999999	-5.4	-1.1999999999999886	20.399999999999977	-17.200000000000045	-1.0	27.599999999999994	-18.19999999999999	-6.599999999999994	
5.400000000000006	3.0	0.6000000000000227	-1.8000000000000114	0.5999999999999943	2.0	0.4000000000000057	-0.4000000000000057	0.6	-1.5999999999999943	0.7999999999999998	0.0	-0.5999999999999943	-1.3999999999999773	-1.0	-0.7999999999999972	0.1999999999999993	1.4000000000000057	2.0	-2.3999999999999773	-1.6000000000000227	2.5999999999999943	2.0	4.600000000000023	4.600000000000023	-5.399999999999977	-3.799999999999997	7.400000000000006	-0.8000000000000114	-3.0	
-7.200000000000003	13.599999999999994	3.6000000000000227	-15.800000000000011	6.400000000000006	-2.0	-21.80000000000001	6.200000000000003	0.4	-23.19999999999999	3.6	-17.0	-17.80000000000001	8.399999999999977	-22.600000000000023	-25.2	6.6	-14.800000000000011	-11.0	9.800000000000011	-20.19999999999999	-19.200000000000003	9.600000000000001	-5.600000000000023	-4.0	10.799999999999955	-21.400000000000006	-2.1999999999999886	15.800000000000011	-11.399999999999977	
-34.80000000000001	41.2	18.600000000000023	25.0	-13.800000000000011	2.4	30.0	-6.799999999999997	0.0	25.80000000000001	1.4	18.0	30.400000000000006	-12.199999999999989	11.800000000000011	19.4	9.0	6.199999999999989	22.80000000000001	-9.600000000000023	3.3999999999999773	-0.7999999999999972	20.0	0.8000000000000114	14.800000000000011	-0.7999999999999545	-1.7999999999999972	-5.399999999999977	24.19999999999999	-3.1999999999999886	

57.8	3.8000000000000114	-32.200000000000045	12.400000000000006	1.7999999999999972	0.7999999999999998	19.19999999999999	4.599999999999994	1.8	19.799999999999997	6.8	-1.0	21.599999999999994	0.8000000000000114	-3.0	27.799999999999997	9.2	-4.599999999999994	23.80000000000001	-7.199999999999989	-8.199999999999989	41.80000000000001	5.600000000000001	-15.199999999999989	27.80000000000001	-18.200000000000045	-14.400000000000006	43.0	-15.799999999999955	-26.399999999999977	
-5.400000000000006	1.1999999999999886	14.600000000000023	-4.0	1.7999999999999972	2.4000000000000004	-7.400000000000006	2.5999999999999943	1.4	-7.0	-0.19999999999999996	0.5999999999999943	-6.400000000000006	6.199999999999989	-0.39999999999997726	-10.400000000000006	0.6000000000000001	5.0	-5.800000000000011	8.600000000000023	1.1999999999999886	-11.399999999999977	1.1999999999999993	9.600000000000023	-4.0	11.200000000000045	1.4000000000000057	-5.599999999999994	8.200000000000045	9.199999999999989	
-48.0	13.800000000000011	9.0	-15.599999999999994	-1.2000000000000028	-1.4	-24.599999999999994	0.7999999999999972	-1.0	-24.0	-1.0	-15.199999999999989	-23.599999999999994	4.399999999999977	-16.600000000000023	-32.0	2.5999999999999996	-13.800000000000011	-22.400000000000006	10.399999999999977	-15.399999999999977	-40.599999999999994	6.0	-4.0	-25.399999999999977	15.799999999999955	-14.800000000000011	-33.80000000000001	22.0	-4.600000000000023	
-51.2	24.599999999999994	-2.6000000000000227	-14.800000000000011	5.0	-0.6000000000000001	-17.599999999999994	8.599999999999994	-0.4	-21.599999999999994	5.6	-25.0	-18.80000000000001	9.399999999999977	-25.19999999999999	-27.4	10.2	-22.599999999999994	-18.599999999999994	13.600000000000023	-26.400000000000006	-37.0	13.2	-16.599999999999994	-25.0	21.799999999999955	-22.19999999999999	-35.599999999999994	27.399999999999977	-16.80000000000001	
-78.0	32.599999999999994	21.600000000000023	19.19999999999999	-13.799999999999997	0.40000000000000036	24.599999999999994	-13.200000000000003	0.8	22.599999999999994	-7.6	19.0	20.19999999999999	-16.600000000000023	19.0	12.200000000000003	-5.2	10.400000000000006	9.199999999999989	-14.199999999999989	15.399999999999977	-15.599999999999994	6.0	1.5999999999999943	-7.199999999999989	0.7999999999999545	16.19999999999999	-34.39999999999998	18.399999999999977	11.0	

