4 9
-29.0	-45.19999999999999	-16.19999999999999	-60.0	-72.0	-1.0	-50.400000000000006	-57.80000000000001	-0.8	-32.80000000000001	-23.0	-53.599999999999994	-66.80000000000001	-107.60000000000002	26.799999999999955	-39.39999999999998	-32.60000000000002	-47.39999999999998	-33.60000000000002	-107.39999999999998	59.60000000000002	-36.200000000000045	-39.80000000000001	-31.200000000000045	-2.2000000000000455	-99.60000000000002	62.19999999999999	-21.0	-74.80000000000001	6.0	
-11.600000000000023	-28.19999999999999	-32.0	-36.80000000000001	-72.19999999999999	-1.0	-26.0	-49.0	0.0	-13.600000000000023	-17.0	-51.4	-42.19999999999999	-112.39999999999998	-8.399999999999977	-17.80000000000001	-23.600000000000023	-52.0	-16.200000000000045	-113.0	15.799999999999955	-18.399999999999977	-27.0	-42.60000000000002	14.799999999999955	-106.0	19.19999999999999	-2.6000000000000227	-62.80000000000001	-25.599999999999994	
9.200000000000045	-11.600000000000023	-9.800000000000011	-22.400000000000006	-27.399999999999977	-0.7999999999999998	-13.600000000000023	-19.0	-0.4	-6.399999999999977	-5.800000000000011	-11.200000000000003	-17.19999999999999	-44.39999999999998	22.0	-5.0	-9.600000000000023	-8.400000000000006	3.6000000000000227	-46.80000000000001	34.0	0.20000000000004547	-12.0	-7.600000000000023	30.600000000000023	-37.39999999999998	23.19999999999999	14.799999999999955	-24.399999999999977	0.19999999999998863	
26.799999999999955	-13.399999999999977	17.80000000000001	-19.400000000000006	-9.199999999999989	1.7999999999999998	-11.399999999999977	-6.199999999999989	2.4	-1.6000000000000227	-2.8000000000000114	11.200000000000003	-23.0	-26.200000000000045	36.799999999999955	4.399999999999977	-10.0	17.399999999999977	4.7999999999999545	-39.0	64.79999999999995	14.200000000000045	-16.19999999999999	20.799999999999955	47.60000000000002	-37.39999999999998	59.60000000000002	34.60000000000002	-25.600000000000023	29.0	
18.0	3.3999999999999773	40.80000000000001	7.400000000000006	20.19999999999999	-6.2	10.199999999999989	24.19999999999999	1.8	12.0	16.19999999999999	26.200000000000003	-1.3999999999999773	24.80000000000001	16.399999999999977	9.399999999999977	11.199999999999989	34.60000000000002	-2.2000000000000455	16.399999999999977	38.0	14.600000000000023	6.199999999999989	39.799999999999955	13.0	10.799999999999955	53.0	18.0	6.0	48.80000000000001	

-29.0	-45.19999999999999	-16.19999999999999	-60.0	-72.0	-1.0	-50.400000000000006	-57.80000000000001	-0.8	-32.80000000000001	-23.0	-53.599999999999994	-66.80000000000001	-107.60000000000002	26.799999999999955	-39.39999999999998	-32.60000000000002	-47.39999999999998	-33.60000000000002	-107.39999999999998	59.60000000000002	-36.200000000000045	-39.80000000000001	-31.200000000000045	-2.2000000000000455	-99.60000000000002	62.19999999999999	-21.0	-74.80000000000001	6.0	
-11.600000000000023	-28.19999999999999	-32.0	-36.80000000000001	-72.19999999999999	-1.0	-26.0	-49.0	0.0	-13.600000000000023	-17.0	-51.4	-42.19999999999999	-112.39999999999998	-8.399999999999977	-17.80000000000001	-23.600000000000023	-52.0	-16.200000000000045	-113.0	15.799999999999955	-18.399999999999977	-27.0	-42.60000000000002	14.799999999999955	-106.0	19.19999999999999	-2.6000000000000227	-62.80000000000001	-25.599999999999994	
9.200000000000045	-11.600000000000023	-9.800000000000011	-22.400000000000006	-27.399999999999977	-0.7999999999999998	-13.600000000000023	-19.0	-0.4	-6.399999999999977	-5.800000000000011	-11.200000000000003	-17.19999999999999	-44.39999999999998	22.0	-5.0	-9.600000000000023	-8.400000000000006	3.6000000000000227	-46.80000000000001	34.0	0.20000000000004547	-12.0	-7.600000000000023	30.600000000000023	-37.39999999999998	23.19999999999999	14.799999999999955	-24.399999999999977	0.19999999999998863	
26.799999999999955	-13.399999999999977	17.80000000000001	-19.400000000000006	-9.199999999999989	1.7999999999999998	-11.399999999999977	-6.199999999999989	2.4	-1.6000000000000227	-2.8000000000000114	11.200000000000003	-23.0	-26.200000000000045	36.799999999999955	4.399999999999977	-10.0	17.399999999999977	4.7999999999999545	-39.0	64.79999999999995	14.200000000000045	-16.19999999999999	20.799999999999955	47.60000000000002	-37.39999999999998	59.60000000000002	34.60000000000002	-25.600000000000023	29.0	
18.0	3.3999999999999773	40.80000000000001	7.400000000000006	20.19999999999999	-6.2	10.199999999999989	24.19999999999999	1.8	12.0	16.19999999999999	26.200000000000003	-1.3999999999999773	24.80000000000001	16.399999999999977	9.399999999999977	11.199999999999989	34.60000000000002	-2.2000000000000455	16.399999999999977	38.0	14.600000000000023	6.199999999999989	39.799999999999955	13.0	10.799999999999955	53.0	18.0	6.0	48.80000000000001	

-51.200000000000045	-65.80000000000001	-4.0	-110.0	-49.0	-1.5999999999999996	-111.39999999999998	-54.80000000000001	-1.4	-87.39999999999998	-37.0	-45.8	-114.19999999999999	-83.20000000000005	41.799999999999955	-83.80000000000001	-52.60000000000002	-31.400000000000006	-70.0	-86.39999999999998	77.60000000000002	-69.39999999999998	-62.60000000000002	-13.200000000000045	-37.60000000000002	-86.0	72.6	-45.39999999999998	-80.0	26.0	
-35.60000000000002	-57.39999999999998	2.8000000000000114	-78.6	-51.39999999999998	3.0	-83.19999999999999	-55.60000000000002	-0.2	-64.19999999999999	-39.80000000000001	-29.4	-80.80000000000001	-81.60000000000002	49.799999999999955	-62.19999999999999	-51.39999999999998	-17.80000000000001	-46.60000000000002	-80.60000000000002	75.60000000000002	-50.39999999999998	-57.80000000000001	-2.2000000000000455	-19.799999999999955	-79.19999999999999	69.4	-30.399999999999977	-70.19999999999999	28.80000000000001	
-25.600000000000023	-11.199999999999989	-18.80000000000001	-32.0	-17.80000000000001	-0.7999999999999998	-34.80000000000001	-12.0	-0.19999999999999996	-30.0	-7.199999999999989	-26.799999999999997	-35.80000000000001	-29.0	-8.399999999999977	-29.80000000000001	-10.600000000000023	-26.19999999999999	-24.799999999999955	-26.0	-5.199999999999989	-27.0	-12.599999999999994	-21.0	-17.0	-24.0	-6.200000000000003	-23.399999999999977	-17.0	-16.200000000000003	
2.0	-26.0	16.599999999999994	-39.0	-17.0	1.7999999999999998	-38.0	-13.0	-1.0	-23.19999999999999	-9.0	1.2000000000000028	-44.60000000000002	-31.80000000000001	36.0	-19.19999999999999	-19.80000000000001	9.0	-15.399999999999977	-40.39999999999998	60.39999999999998	-9.399999999999977	-24.599999999999994	16.200000000000045	15.600000000000023	-37.80000000000001	55.8	5.7999999999999545	-34.0	35.400000000000006	
16.200000000000045	-10.599999999999994	45.19999999999999	-19.400000000000006	11.399999999999977	1.0	-11.199999999999989	13.399999999999977	-1.0	-2.3999999999999773	7.800000000000011	23.799999999999997	-25.80000000000001	5.199999999999989	36.200000000000045	-1.8000000000000114	-1.1999999999999886	34.39999999999998	-8.0	-5.600000000000023	65.39999999999998	4.7999999999999545	-8.400000000000006	43.60000000000002	15.600000000000023	-12.0	73.0	15.399999999999977	-13.399999999999977	57.0	

-14.200000000000045	-21.400000000000006	-52.80000000000001	-9.399999999999977	-79.0	-0.3999999999999999	-12.800000000000011	-72.19999999999999	1.2	-12.0	-42.0	-55.4	7.7999999999999545	-92.39999999999998	-0.39999999999997726	-12.799999999999955	-37.19999999999999	-59.80000000000001	15.600000000000023	-72.19999999999999	-22.399999999999977	-12.200000000000045	-30.19999999999999	-61.60000000000002	11.600000000000023	-53.80000000000001	-38.8	-5.7999999999999545	-38.60000000000002	-56.2	
-39.80000000000001	-39.400000000000006	-28.400000000000006	-61.599999999999994	-59.19999999999999	2.8	-64.19999999999999	-53.60000000000002	0.6	-50.60000000000002	-32.80000000000001	-47.8	-54.80000000000001	-81.19999999999999	5.7999999999999545	-50.39999999999998	-38.0	-42.80000000000001	-32.60000000000002	-73.39999999999998	12.600000000000023	-45.200000000000045	-40.599999999999994	-35.200000000000045	-21.399999999999977	-65.39999999999998	5.399999999999999	-31.399999999999977	-51.39999999999998	-16.200000000000003	
-22.600000000000023	-4.400000000000006	-13.400000000000006	-23.80000000000001	-9.399999999999977	-0.20000000000000018	-29.80000000000001	-5.800000000000011	-1.0	-27.600000000000023	-2.3999999999999773	-17.8	-28.399999999999977	-12.399999999999977	-7.0	-26.600000000000023	-3.3999999999999773	-16.599999999999994	-21.200000000000045	-10.800000000000011	-2.1999999999999886	-24.600000000000023	-4.800000000000011	-14.799999999999955	-19.200000000000045	-9.0	-3.200000000000003	-21.600000000000023	-6.399999999999977	-9.0	
8.800000000000011	-28.19999999999999	37.19999999999999	-44.19999999999999	-15.800000000000011	1.4	-38.60000000000002	-15.399999999999977	0.4	-23.399999999999977	-11.399999999999977	16.799999999999997	-39.39999999999998	-32.19999999999999	63.0	-17.0	-22.399999999999977	27.599999999999994	-6.7999999999999545	-34.80000000000001	89.39999999999998	-3.6000000000000227	-29.19999999999999	36.0	22.0	-34.80000000000001	79.6	14.200000000000045	-36.60000000000002	55.80000000000001	
13.199999999999989	-6.199999999999989	33.599999999999994	-14.199999999999989	11.0	-0.7999999999999998	-8.199999999999989	13.600000000000023	0.2	1.1999999999999886	9.199999999999989	16.6	-15.600000000000023	7.600000000000023	23.399999999999977	0.8000000000000114	0.0	24.19999999999999	-6.2000000000000455	-0.8000000000000114	46.0	4.600000000000023	-2.0	29.799999999999955	9.0	-5.0	50.2	8.600000000000023	-7.199999999999989	41.19999999999999	

-32.60000000000002	-19.80000000000001	-46.0	-28.19999999999999	-44.60000000000002	-2.2	-34.39999999999998	-40.39999999999998	-1.2	-32.0	-23.399999999999977	-45.8	-20.600000000000023	-51.19999999999999	-18.0	-31.0	-24.399999999999977	-47.80000000000001	-16.600000000000023	-38.39999999999998	-28.399999999999977	-33.39999999999998	-22.0	-45.799999999999955	-21.200000000000045	-32.39999999999998	-37.0	-27.0	-26.600000000000023	-43.2	
-15.199999999999989	-22.80000000000001	-34.400000000000006	-12.399999999999977	-67.39999999999998	0.40000000000000036	-13.800000000000011	-57.60000000000002	-1.6	-14.199999999999989	-33.0	-44.6	-0.6000000000000227	-80.0	-8.199999999999989	-15.0	-30.80000000000001	-43.599999999999994	5.399999999999977	-60.39999999999998	-18.0	-15.600000000000023	-28.19999999999999	-40.39999999999998	4.0	-48.80000000000001	-24.6	-8.200000000000045	-36.39999999999998	-34.6	
-44.19999999999999	-18.19999999999999	-22.599999999999994	-56.0	-22.80000000000001	0.20000000000000018	-64.0	-20.0	-2.2	-55.19999999999999	-9.600000000000023	-37.0	-57.19999999999999	-33.0	-13.0	-54.0	-15.800000000000011	-35.80000000000001	-44.200000000000045	-29.600000000000023	-9.600000000000023	-50.200000000000045	-17.400000000000006	-29.0	-41.200000000000045	-24.399999999999977	-14.0	-45.60000000000002	-22.399999999999977	-23.0	
9.0	-22.80000000000001	12.200000000000003	-33.80000000000001	-26.0	1.5999999999999996	-27.19999999999999	-27.80000000000001	-1.0	-15.800000000000011	-17.80000000000001	2.2	-17.80000000000001	-42.0	45.39999999999998	-9.800000000000011	-23.0	10.400000000000006	4.399999999999977	-40.39999999999998	54.19999999999999	0.20000000000004547	-27.0	12.200000000000045	22.0	-35.0	41.4	13.0	-31.80000000000001	24.599999999999994	
18.19999999999999	-5.0	35.19999999999999	-12.800000000000011	11.0	-0.7999999999999998	-6.600000000000023	8.399999999999977	1.6	1.6000000000000227	7.0	18.8	-10.800000000000011	0.0	35.19999999999999	4.600000000000023	-1.8000000000000114	27.19999999999999	4.399999999999977	-5.199999999999989	52.60000000000002	10.0	-4.400000000000006	35.200000000000045	20.0	-7.0	50.8	17.600000000000023	-7.399999999999977	43.599999999999994	

-41.19999999999999	-0.5999999999999943	-79.4	2.8000000000000114	-35.19999999999999	2.4000000000000004	-5.0	-20.80000000000001	-1.2	-10.199999999999989	-7.600000000000023	-82.4	-12.200000000000045	-33.39999999999998	-96.80000000000001	-23.799999999999955	-1.3999999999999773	-87.0	-24.0	-22.600000000000023	-102.6	-31.200000000000045	-0.5999999999999943	-83.39999999999998	-40.60000000000002	-19.399999999999977	-93.6	-40.200000000000045	-7.800000000000011	-90.0	
-25.80000000000001	0.8000000000000114	-66.0	21.19999999999999	-40.39999999999998	-2.4	15.399999999999977	-27.600000000000023	-0.19999999999999996	6.199999999999989	-8.399999999999977	-75.2	13.0	-41.39999999999998	-83.39999999999998	-4.600000000000023	-1.0	-77.6	-4.399999999999977	-26.399999999999977	-92.0	-15.600000000000023	2.0	-74.19999999999999	-20.0	-19.80000000000001	-85.6	-25.399999999999977	-5.400000000000006	-80.6	
-32.19999999999999	9.599999999999994	-55.8	7.600000000000023	-3.0	-5.0	-2.3999999999999773	-6.399999999999977	0.0	-10.600000000000023	-5.800000000000011	-40.8	-2.7999999999999545	3.8000000000000114	-54.39999999999998	-16.399999999999977	1.3999999999999773	-51.2	-16.200000000000045	6.800000000000011	-72.0	-24.600000000000023	8.0	-55.60000000000002	-33.799999999999955	9.800000000000011	-71.80000000000001	-32.60000000000002	10.199999999999989	-65.2	
-13.600000000000023	-0.19999999999998863	-28.0	-15.0	3.3999999999999773	1.4	-11.800000000000011	-2.0	-2.4	-9.399999999999977	-2.8000000000000114	-18.2	-10.799999999999955	-2.6000000000000227	-15.199999999999989	-9.399999999999977	-2.3999999999999773	-23.80000000000001	-10.0	-0.39999999999997726	-22.0	-12.0	-2.1999999999999886	-23.0	-12.600000000000023	-1.6000000000000227	-29.0	-14.200000000000045	-2.0	-30.6	
20.19999999999999	2.5999999999999943	8.799999999999997	8.800000000000011	-9.199999999999989	3.0	18.600000000000023	4.600000000000023	1.4	22.399999999999977	9.399999999999977	-5.399999999999999	14.0	-10.199999999999989	-3.3999999999999773	22.399999999999977	6.600000000000023	1.8000000000000114	17.200000000000045	-10.800000000000011	5.599999999999994	21.200000000000045	5.400000000000006	7.399999999999977	24.200000000000045	-11.199999999999989	10.0	21.0	-3.1999999999999886	10.6	

-50.0	-3.1999999999999886	-37.4	-49.0	-6.600000000000023	1.0	-55.19999999999999	3.8000000000000114	-1.6	-49.60000000000002	7.199999999999989	-46.8	-58.799999999999955	-8.399999999999977	-51.0	-51.80000000000001	4.800000000000011	-45.0	-52.799999999999955	-8.600000000000023	-43.2	-51.200000000000045	0.4000000000000057	-40.60000000000002	-56.200000000000045	-8.399999999999977	-39.80000000000001	-52.60000000000002	-5.0	-39.6	
-43.60000000000002	-3.4000000000000057	-32.6	-41.39999999999998	-7.600000000000023	0.3999999999999999	-46.19999999999999	0.6000000000000227	-3.0	-40.39999999999998	6.600000000000023	-44.8	-51.200000000000045	-13.800000000000011	-51.19999999999999	-42.60000000000002	0.8000000000000114	-45.2	-45.60000000000002	-12.600000000000023	-44.0	-45.0	-1.8000000000000114	-39.39999999999998	-50.39999999999998	-12.199999999999989	-37.19999999999999	-46.39999999999998	-8.599999999999994	-39.4	
-32.80000000000001	7.400000000000006	-21.4	-19.19999999999999	8.199999999999989	-0.6000000000000001	-24.0	10.0	2.2	-25.0	6.399999999999977	-16.799999999999997	-27.799999999999955	9.600000000000023	-25.600000000000023	-27.600000000000023	7.399999999999977	-23.400000000000006	-28.0	8.0	-26.400000000000006	-27.799999999999955	6.599999999999994	-23.80000000000001	-35.200000000000045	7.199999999999989	-26.19999999999999	-31.0	7.400000000000006	-23.4	
4.199999999999989	3.8000000000000114	0.6000000000000014	-7.600000000000023	7.800000000000011	-1.7999999999999998	2.1999999999999886	11.800000000000011	0.0	4.800000000000011	6.800000000000011	-0.20000000000000284	-3.6000000000000227	7.600000000000023	0.19999999999998863	4.800000000000011	3.6000000000000227	2.0	0.0	4.800000000000011	2.5999999999999943	5.0	3.0	2.1999999999999886	3.6000000000000227	2.1999999999999886	-0.4000000000000057	4.600000000000023	1.4000000000000057	-0.1999999999999993	
-4.199999999999989	2.1999999999999886	11.799999999999997	-43.0	-2.1999999999999886	0.0	-37.80000000000001	19.80000000000001	-0.8	-21.19999999999999	27.600000000000023	-26.599999999999994	-41.60000000000002	-12.199999999999989	-14.199999999999989	-20.19999999999999	15.399999999999977	-10.200000000000003	-21.600000000000023	-17.80000000000001	11.599999999999994	-12.799999999999955	6.800000000000011	1.8000000000000114	-4.2000000000000455	-15.199999999999989	20.400000000000006	-7.199999999999989	-5.800000000000011	14.8	

-42.60000000000002	-7.199999999999989	-32.6	-54.80000000000001	-14.199999999999989	0.0	-58.80000000000001	0.6000000000000227	-1.6	-47.39999999999998	4.399999999999977	-44.2	-56.0	-17.600000000000023	-42.19999999999999	-46.0	0.6000000000000227	-39.599999999999994	-45.39999999999998	-15.600000000000023	-35.0	-44.39999999999998	-5.199999999999989	-34.19999999999999	-43.799999999999955	-16.0	-31.400000000000006	-44.19999999999999	-9.800000000000011	-31.8	
-24.80000000000001	0.8000000000000114	-13.600000000000001	-30.600000000000023	-9.199999999999989	1.6	-34.39999999999998	3.1999999999999886	0.6	-29.399999999999977	5.399999999999977	-18.0	-33.799999999999955	-6.199999999999989	-16.80000000000001	-28.80000000000001	2.6000000000000227	-17.200000000000003	-25.0	-4.399999999999977	-13.599999999999994	-27.600000000000023	1.5999999999999943	-12.199999999999989	-26.0	-5.399999999999977	-13.199999999999989	-25.80000000000001	-2.4000000000000057	-13.399999999999999	
-46.0	6.400000000000006	-25.2	-49.80000000000001	13.0	1.0	-56.80000000000001	18.19999999999999	2.4	-49.60000000000002	17.19999999999999	-21.599999999999994	-59.0	10.0	-25.80000000000001	-47.80000000000001	10.0	-22.200000000000003	-48.60000000000002	7.399999999999977	-22.6	-45.799999999999955	7.199999999999989	-22.80000000000001	-51.60000000000002	7.0	-22.80000000000001	-47.19999999999999	6.199999999999989	-22.6	
-4.199999999999989	15.0	7.200000000000003	-11.199999999999989	30.80000000000001	1.2000000000000002	-4.800000000000011	25.600000000000023	0.0	-1.8000000000000114	14.399999999999977	16.0	-10.399999999999977	30.19999999999999	12.0	-0.6000000000000227	15.399999999999977	13.200000000000003	-6.2000000000000455	22.399999999999977	10.400000000000006	-2.7999999999999545	11.0	10.399999999999977	-5.399999999999977	21.399999999999977	6.400000000000006	-2.6000000000000227	17.0	6.800000000000001	
-16.399999999999977	6.400000000000006	11.600000000000001	-77.39999999999998	10.399999999999977	2.2	-67.19999999999999	37.60000000000002	0.0	-41.80000000000001	43.60000000000002	-31.0	-70.19999999999999	-5.399999999999977	-16.0	-35.60000000000002	25.80000000000001	-14.0	-36.60000000000002	-12.0	12.400000000000006	-26.600000000000023	13.0	1.6000000000000227	-21.799999999999955	-13.399999999999977	21.0	-20.0	-1.5999999999999943	16.4	

-53.60000000000002	0.8000000000000114	-18.0	-86.39999999999998	4.199999999999989	-1.4000000000000004	-91.19999999999999	18.600000000000023	-1.0	-71.19999999999999	20.19999999999999	-25.599999999999994	-83.79999999999995	-6.199999999999989	-19.599999999999994	-64.39999999999998	12.0	-22.400000000000006	-61.60000000000002	-8.399999999999977	-12.799999999999997	-58.200000000000045	3.1999999999999886	-19.19999999999999	-57.60000000000002	-8.399999999999977	-13.599999999999994	-52.39999999999998	-4.0	-15.600000000000001	
-39.0	-0.4000000000000057	-14.4	-60.39999999999998	-8.0	1.2000000000000002	-68.19999999999999	7.600000000000023	1.2	-54.0	14.600000000000023	-21.0	-58.799999999999955	-11.800000000000011	-17.400000000000006	-51.80000000000001	8.800000000000011	-17.0	-44.60000000000002	-8.399999999999977	-9.399999999999999	-44.39999999999998	2.1999999999999886	-14.0	-41.799999999999955	-7.199999999999989	-11.199999999999989	-42.60000000000002	-3.5999999999999943	-13.799999999999997	
-42.19999999999999	5.599999999999994	-22.8	-40.60000000000002	10.0	-0.40000000000000036	-47.19999999999999	8.199999999999989	1.0	-42.60000000000002	9.600000000000023	-20.200000000000003	-48.60000000000002	7.399999999999977	-20.599999999999994	-42.39999999999998	7.600000000000023	-25.0	-41.0	6.800000000000011	-19.2	-43.60000000000002	4.800000000000011	-22.399999999999977	-46.39999999999998	6.199999999999989	-24.19999999999999	-44.0	5.599999999999994	-24.0	
-6.800000000000011	8.599999999999994	6.6	-23.0	25.19999999999999	1.0	-19.80000000000001	24.19999999999999	2.0	-12.600000000000023	15.199999999999989	14.200000000000003	-23.200000000000045	20.399999999999977	13.800000000000011	-10.399999999999977	11.199999999999989	11.599999999999994	-12.799999999999955	15.600000000000023	13.399999999999999	-9.399999999999977	10.199999999999989	10.399999999999977	-10.399999999999977	11.800000000000011	9.199999999999989	-7.600000000000023	10.400000000000006	8.200000000000003	
-34.0	9.0	21.4	-146.8	26.0	1.4	-134.8	68.80000000000001	-0.4	-86.0	71.60000000000002	-24.200000000000003	-126.60000000000002	1.8000000000000114	-1.0	-72.19999999999999	41.599999999999994	-1.2000000000000028	-71.19999999999999	-9.800000000000011	31.4	-51.80000000000001	21.19999999999999	13.800000000000011	-44.0	-13.800000000000011	35.0	-41.60000000000002	0.0	25.6	

-36.0	-3.8000000000000114	-66.6	-24.80000000000001	-4.800000000000011	0.6000000000000001	-25.80000000000001	-8.800000000000011	-0.19999999999999996	-27.0	-9.0	-36.19999999999999	-26.0	-10.400000000000006	-46.799999999999955	-24.600000000000023	-6.399999999999977	-48.80000000000001	-27.200000000000045	-14.400000000000006	-62.60000000000002	-29.0	-4.800000000000011	-60.39999999999998	-44.799999999999955	-20.0	-73.8	-39.39999999999998	-10.800000000000011	-75.6	
-37.60000000000002	-6.400000000000006	-32.19999999999999	-35.599999999999994	-1.4000000000000057	0.0	-45.599999999999994	-4.399999999999977	0.0	-41.0	-6.0	-23.80000000000001	-45.19999999999999	-6.199999999999989	-13.600000000000023	-41.19999999999999	-7.399999999999977	-26.0	-35.39999999999998	-5.800000000000011	-14.200000000000045	-37.60000000000002	-8.199999999999989	-26.200000000000045	-36.39999999999998	-7.0	-19.799999999999997	-34.39999999999998	-8.0	-25.0	
-11.600000000000023	2.8000000000000114	-30.80000000000001	-22.599999999999994	-12.0	-0.3999999999999999	-23.599999999999994	-15.600000000000023	2.4	-16.400000000000006	-10.600000000000023	-11.800000000000011	-21.600000000000023	-16.600000000000023	19.0	-14.199999999999989	-13.399999999999977	-9.0	-6.399999999999977	-14.199999999999989	29.799999999999955	-8.399999999999977	-13.399999999999977	-6.7999999999999545	9.0	-14.800000000000011	16.599999999999994	2.6000000000000227	-16.19999999999999	2.0	
-41.39999999999998	-46.60000000000002	64.80000000000001	-61.8	1.4000000000000057	2.4	-71.19999999999999	7.199999999999989	-1.8	-59.0	6.199999999999989	-19.80000000000001	-103.80000000000001	2.1999999999999886	4.7999999999999545	-72.60000000000002	-8.399999999999977	1.8000000000000114	-90.39999999999998	-2.8000000000000114	73.39999999999998	-67.60000000000002	-27.399999999999977	36.200000000000045	-56.0	-10.800000000000011	120.19999999999999	-47.60000000000002	-35.80000000000001	96.39999999999998	
57.39999999999998	15.400000000000006	35.0	17.19999999999999	13.199999999999989	2.4	20.19999999999999	30.19999999999999	-0.6	22.19999999999999	33.19999999999999	4.800000000000011	12.0	19.400000000000006	-10.399999999999977	22.80000000000001	27.399999999999977	17.600000000000023	22.600000000000023	13.800000000000011	22.200000000000045	36.39999999999998	20.19999999999999	31.0	60.39999999999998	12.199999999999989	28.80000000000001	58.200000000000045	14.800000000000011	31.0	

-63.60000000000002	-33.60000000000002	-43.39999999999998	-69.0	-9.400000000000006	-1.0	-83.80000000000001	-18.0	-0.6	-75.80000000000001	-27.19999999999999	-48.0	-81.80000000000001	-10.199999999999989	-27.799999999999955	-74.39999999999998	-30.0	-46.0	-67.60000000000002	-13.599999999999994	-25.399999999999977	-70.20000000000005	-31.80000000000001	-41.60000000000002	-72.0	-16.399999999999977	-30.399999999999977	-65.39999999999998	-26.600000000000023	-35.0	
-61.60000000000002	-33.39999999999998	-42.39999999999998	-60.2	-30.19999999999999	-1.2000000000000002	-68.4	-36.60000000000002	0.4	-59.19999999999999	-27.80000000000001	-57.599999999999994	-72.19999999999999	-43.0	-16.799999999999955	-66.60000000000002	-30.399999999999977	-56.80000000000001	-58.799999999999955	-42.80000000000001	-6.399999999999977	-66.79999999999995	-32.60000000000002	-50.0	-55.60000000000002	-40.0	-6.600000000000023	-60.60000000000002	-41.60000000000002	-26.19999999999999	
-34.0	-8.199999999999989	4.199999999999989	-43.2	12.0	-1.2000000000000002	-55.0	7.800000000000011	1.6	-49.599999999999994	0.8000000000000114	-9.0	-54.60000000000002	16.0	2.6000000000000227	-48.19999999999999	-3.0	-2.1999999999999886	-44.799999999999955	12.800000000000011	13.0	-43.200000000000045	-5.600000000000023	3.6000000000000227	-37.799999999999955	11.0	15.800000000000011	-34.39999999999998	-1.3999999999999773	12.800000000000011	
-16.0	-39.60000000000002	23.19999999999999	-58.8	-16.400000000000006	-1.6	-65.19999999999999	-23.80000000000001	0.6	-48.80000000000001	-17.80000000000001	-18.0	-71.60000000000002	-24.399999999999977	44.0	-49.39999999999998	-29.600000000000023	-2.6000000000000227	-40.39999999999998	-25.80000000000001	83.60000000000002	-38.0	-39.60000000000002	16.600000000000023	-8.399999999999977	-25.600000000000023	83.0	-14.0	-41.39999999999998	54.39999999999998	
-14.799999999999955	8.399999999999977	51.60000000000002	-33.0	42.0	-1.6	-46.599999999999994	54.80000000000001	2.8	-42.80000000000001	37.60000000000002	4.599999999999994	-63.60000000000002	59.599999999999994	-23.799999999999955	-46.39999999999998	30.399999999999977	24.80000000000001	-56.39999999999998	51.80000000000001	16.600000000000023	-35.39999999999998	18.0	44.200000000000045	-39.0	48.19999999999999	43.19999999999999	-24.200000000000045	26.80000000000001	57.39999999999998	

-40.0	-55.0	37.19999999999999	-92.6	-8.400000000000006	0.20000000000000018	-106.4	-36.60000000000002	0.0	-90.4	-40.60000000000002	2.8000000000000114	-90.60000000000002	-20.0	77.0	-80.80000000000001	-50.0	18.80000000000001	-50.799999999999955	-21.80000000000001	97.79999999999995	-60.799999999999955	-56.60000000000002	34.200000000000045	-30.399999999999977	-19.19999999999999	83.0	-34.200000000000045	-41.0	62.19999999999999	
-48.39999999999998	-64.19999999999999	50.19999999999999	-120.80000000000001	-21.400000000000006	0.40000000000000036	-134.2	-48.19999999999999	-0.2	-112.19999999999999	-47.19999999999999	0.19999999999998863	-117.60000000000002	-35.0	106.79999999999995	-100.80000000000001	-61.60000000000002	24.80000000000001	-64.20000000000005	-33.80000000000001	139.60000000000002	-75.39999999999998	-69.60000000000002	46.200000000000045	-32.0	-30.600000000000023	122.0	-37.39999999999998	-57.80000000000001	91.19999999999999	
-24.200000000000045	11.400000000000006	-25.0	-18.19999999999999	15.199999999999989	2.2	-25.600000000000023	9.800000000000011	0.0	-26.19999999999999	-1.1999999999999886	0.19999999999998863	-19.399999999999977	19.399999999999977	-4.2000000000000455	-19.600000000000023	2.6000000000000227	-6.800000000000011	-17.0	19.400000000000006	-16.399999999999977	-20.799999999999955	4.599999999999994	-13.200000000000045	-25.600000000000023	17.0	-26.200000000000003	-20.399999999999977	12.400000000000006	-23.0	
24.399999999999977	-4.800000000000011	7.599999999999994	-14.400000000000006	3.5999999999999943	-0.3999999999999999	-17.0	-9.399999999999977	0.2	-11.199999999999989	-14.0	23.400000000000006	0.0	4.800000000000011	57.39999999999998	1.3999999999999773	-17.80000000000001	27.399999999999977	21.799999999999955	2.4000000000000057	54.80000000000001	16.799999999999955	-16.19999999999999	23.600000000000023	36.39999999999998	4.600000000000023	32.8	32.799999999999955	-7.199999999999989	22.0	
18.200000000000045	-5.800000000000011	56.60000000000002	-20.19999999999999	14.0	0.0	-21.0	25.600000000000023	0.2	-11.600000000000023	24.600000000000023	7.800000000000011	-36.19999999999999	16.80000000000001	14.799999999999955	-14.600000000000023	13.199999999999989	28.600000000000023	-18.200000000000045	9.800000000000011	56.60000000000002	-4.600000000000023	2.0	46.200000000000045	9.200000000000045	6.800000000000011	72.4	13.799999999999955	-3.6000000000000227	70.0	

-31.399999999999977	-34.0	-69.0	-24.600000000000023	-40.400000000000006	-1.7999999999999998	-34.60000000000002	-64.60000000000002	-1.0	-34.60000000000002	-56.19999999999999	-41.400000000000006	-9.799999999999955	-46.0	8.399999999999977	-29.600000000000023	-50.80000000000001	-51.19999999999999	-3.3999999999999773	-36.80000000000001	-24.0	-28.0	-41.19999999999999	-62.200000000000045	-11.399999999999977	-30.80000000000001	-52.400000000000006	-21.0	-33.80000000000001	-64.6	
2.0	-31.19999999999999	-57.80000000000001	15.399999999999977	-51.19999999999999	1.6	15.800000000000011	-90.39999999999998	-0.8	5.199999999999989	-80.19999999999999	-2.1999999999999886	53.39999999999998	-57.19999999999999	62.0	17.600000000000023	-68.0	-24.0	49.799999999999955	-43.19999999999999	8.600000000000023	14.0	-48.60000000000002	-45.799999999999955	33.60000000000002	-33.39999999999998	-34.2	18.0	-35.39999999999998	-50.19999999999999	
-25.0	6.800000000000011	-36.0	-8.399999999999977	7.199999999999989	-2.8	-13.800000000000011	-1.6000000000000227	-0.8	-19.0	-6.399999999999977	-9.599999999999994	-9.399999999999977	9.600000000000023	-16.200000000000045	-14.800000000000011	-2.0	-19.399999999999977	-13.799999999999955	8.599999999999994	-33.0	-18.399999999999977	2.0	-30.0	-28.399999999999977	10.199999999999989	-47.2	-25.200000000000045	7.199999999999989	-39.599999999999994	
-8.799999999999955	-8.400000000000006	-2.8000000000000114	-28.80000000000001	-7.800000000000011	2.8	-33.60000000000002	-10.199999999999989	0.19999999999999996	-27.80000000000001	-8.199999999999989	-7.800000000000011	-23.600000000000023	-9.600000000000023	25.0	-20.600000000000023	-13.199999999999989	-1.3999999999999773	-10.0	-7.599999999999994	28.19999999999999	-15.799999999999955	-11.599999999999994	1.2000000000000455	-1.2000000000000455	-7.399999999999977	17.200000000000003	-6.2000000000000455	-11.599999999999994	9.599999999999994	
18.600000000000023	6.599999999999994	39.0	-19.19999999999999	23.599999999999994	-1.6	-18.600000000000023	22.600000000000023	-0.8	-11.0	14.0	23.80000000000001	-15.800000000000011	21.400000000000006	34.200000000000045	-5.800000000000011	6.800000000000011	37.39999999999998	-0.7999999999999545	16.599999999999994	52.0	7.0	3.4000000000000057	42.200000000000045	16.0	15.199999999999989	48.599999999999994	17.399999999999977	6.400000000000006	45.599999999999994	

-42.39999999999998	-20.80000000000001	-50.19999999999999	-34.39999999999998	-10.800000000000011	5.6	-46.60000000000002	-28.600000000000023	0.4	-46.60000000000002	-32.19999999999999	-23.80000000000001	-34.0	-13.800000000000011	-10.200000000000045	-42.200000000000045	-28.80000000000001	-31.600000000000023	-29.399999999999977	-11.0	-27.600000000000023	-40.60000000000002	-24.0	-40.200000000000045	-36.60000000000002	-12.800000000000011	-44.0	-38.0	-15.400000000000006	-45.19999999999999	
-17.200000000000045	-19.19999999999999	-59.0	21.0	-40.19999999999999	1.7999999999999998	17.399999999999977	-66.19999999999999	1.0	3.8000000000000114	-58.19999999999999	-19.599999999999994	34.799999999999955	-42.0	11.799999999999955	3.3999999999999773	-44.0	-37.80000000000001	20.600000000000023	-28.400000000000006	-29.399999999999977	-5.0	-30.19999999999999	-51.60000000000002	0.7999999999999545	-20.0	-51.6	-7.2000000000000455	-21.599999999999994	-57.2	
-9.800000000000011	7.599999999999994	-13.800000000000011	-3.0	21.599999999999994	-1.0	-5.199999999999989	5.0	-2.6	-8.800000000000011	-6.0	20.400000000000006	1.0	22.80000000000001	11.600000000000023	-4.399999999999977	-1.6000000000000227	9.199999999999989	-0.6000000000000227	22.0	-2.0	-5.0	5.599999999999994	-2.3999999999999773	-8.0	20.80000000000001	-14.600000000000001	-8.600000000000023	13.199999999999989	-11.599999999999994	
21.0	-12.0	10.800000000000011	-2.1999999999999886	-8.400000000000006	3.5999999999999996	2.3999999999999773	-24.80000000000001	1.6	2.0	-26.19999999999999	28.400000000000006	23.0	-8.0	61.0	11.600000000000023	-24.80000000000001	28.19999999999999	31.600000000000023	-4.0	49.19999999999999	19.399999999999977	-19.599999999999994	20.600000000000023	37.0	0.0	27.8	30.0	-8.800000000000011	21.19999999999999	
14.799999999999955	-0.19999999999998863	51.400000000000006	-40.80000000000001	22.0	-1.8	-37.60000000000002	24.600000000000023	0.2	-25.19999999999999	17.399999999999977	28.599999999999994	-30.799999999999955	20.19999999999999	49.200000000000045	-14.799999999999955	7.399999999999977	43.39999999999998	-6.7999999999999545	13.199999999999989	70.0	-0.20000000000004547	-1.0	51.0	13.799999999999955	11.600000000000023	67.2	15.0	5.599999999999994	60.19999999999999	

-43.799999999999955	7.800000000000011	-119.6	46.19999999999999	-31.400000000000006	-2.0	48.39999999999998	-29.600000000000023	1.2	26.80000000000001	-17.0	-112.8	19.600000000000023	-32.39999999999998	-139.8	1.0	-2.8000000000000114	-129.6	-16.0	-23.400000000000006	-157.0	-24.399999999999977	1.5999999999999943	-128.39999999999998	-47.799999999999955	-20.19999999999999	-143.4	-46.39999999999998	-5.400000000000006	-137.0	
-23.600000000000023	8.0	-83.4	58.19999999999999	-24.0	0.20000000000000018	55.200000000000045	-26.80000000000001	3.4	37.39999999999998	-18.600000000000023	-68.0	39.799999999999955	-22.0	-83.60000000000002	18.600000000000023	-4.399999999999977	-84.6	6.399999999999977	-12.599999999999994	-106.6	-5.7999999999999545	5.400000000000006	-88.60000000000002	-18.200000000000045	-7.399999999999977	-99.2	-23.0	1.1999999999999886	-95.6	
-17.0	19.19999999999999	-62.599999999999994	43.0	7.199999999999989	0.0	47.799999999999955	7.0	1.4	33.0	2.8000000000000114	-38.0	27.600000000000023	13.600000000000023	-71.19999999999999	17.399999999999977	12.199999999999989	-56.400000000000006	-0.7999999999999545	13.800000000000011	-90.0	-1.7999999999999545	18.80000000000001	-65.80000000000001	-21.600000000000023	13.199999999999989	-83.4	-21.399999999999977	17.400000000000006	-76.6	
1.3999999999999773	10.0	-26.799999999999997	18.80000000000001	-3.5999999999999943	-0.6000000000000001	22.799999999999955	2.3999999999999773	0.0	20.399999999999977	7.199999999999989	-24.400000000000006	17.399999999999977	-0.19999999999998863	-32.39999999999998	15.200000000000045	9.0	-29.0	8.399999999999977	2.4000000000000057	-35.0	8.200000000000045	10.199999999999989	-28.200000000000045	3.0	3.0	-33.599999999999994	1.3999999999999773	6.599999999999994	-32.2	
20.0	0.4000000000000057	15.599999999999994	-13.600000000000023	-0.4000000000000057	-0.19999999999999996	-10.399999999999977	3.3999999999999773	-0.8	1.6000000000000227	8.199999999999989	5.199999999999989	1.2000000000000455	-3.8000000000000114	31.0	8.0	0.6000000000000227	14.600000000000023	15.799999999999955	-3.1999999999999886	34.80000000000001	14.399999999999977	-3.0	16.0	27.399999999999977	-0.39999999999997726	27.8	21.399999999999977	-2.5999999999999943	21.0	

-60.0	-1.1999999999999886	-48.2	-72.0	4.599999999999994	-1.6	-86.0	12.199999999999989	3.6	-75.60000000000002	12.0	-48.80000000000001	-80.60000000000002	2.0	-47.39999999999998	-71.39999999999998	6.800000000000011	-47.39999999999998	-67.20000000000005	-0.4000000000000057	-44.19999999999999	-66.60000000000002	1.8000000000000114	-44.200000000000045	-69.39999999999998	-1.3999999999999773	-45.400000000000006	-64.60000000000002	-0.19999999999998863	-45.2	
-44.19999999999999	-3.0	-31.400000000000006	-35.39999999999998	-13.800000000000011	-1.6	-44.799999999999955	-5.199999999999989	-2.8	-41.80000000000001	5.0	-49.0	-45.0	-13.800000000000011	-44.80000000000001	-45.799999999999955	1.8000000000000114	-44.19999999999999	-42.0	-10.199999999999989	-38.80000000000001	-44.60000000000002	0.0	-39.19999999999999	-46.200000000000045	-9.800000000000011	-34.599999999999994	-44.200000000000045	-6.800000000000011	-36.0	
-37.0	7.199999999999989	-15.400000000000006	-50.0	10.800000000000011	3.0	-57.80000000000001	23.19999999999999	0.4	-50.19999999999999	19.399999999999977	-23.0	-60.60000000000002	12.0	-28.80000000000001	-47.60000000000002	14.800000000000011	-21.0	-49.60000000000002	9.0	-22.19999999999999	-43.799999999999955	10.0	-18.0	-50.39999999999998	8.600000000000023	-18.799999999999997	-43.39999999999998	7.0	-18.4	
-14.399999999999977	7.599999999999994	-2.4000000000000057	-32.19999999999999	24.19999999999999	-0.19999999999999996	-29.399999999999977	31.600000000000023	0.2	-21.399999999999977	21.19999999999999	-1.7999999999999972	-38.39999999999998	24.399999999999977	-15.399999999999977	-20.0	17.0	-0.5999999999999943	-26.600000000000023	16.0	-6.599999999999994	-17.799999999999955	13.0	-1.7999999999999545	-22.799999999999955	12.600000000000023	-5.0	-18.0	9.400000000000006	-3.6000000000000014	
-14.800000000000011	-3.4000000000000057	17.400000000000006	-70.0	-7.0	-3.6	-75.0	7.600000000000023	-1.0	-54.60000000000002	17.80000000000001	-10.599999999999994	-54.0	-12.399999999999977	28.19999999999999	-40.200000000000045	5.399999999999977	7.0	-22.200000000000045	-8.800000000000011	42.0	-26.600000000000023	-0.8000000000000114	18.399999999999977	-8.399999999999977	-8.199999999999989	35.8	-10.600000000000023	-5.400000000000006	28.4	

-33.80000000000001	-3.1999999999999886	-27.0	-29.600000000000023	-17.600000000000023	2.8	-41.799999999999955	-6.0	2.0	-38.39999999999998	3.8000000000000114	-42.400000000000006	-37.0	-13.800000000000011	-35.80000000000001	-37.0	0.19999999999998863	-37.80000000000001	-33.0	-8.599999999999994	-31.0	-36.799999999999955	-1.5999999999999943	-30.600000000000023	-34.39999999999998	-8.399999999999977	-28.599999999999994	-37.200000000000045	-5.800000000000011	-28.0	
-34.60000000000002	-7.400000000000006	-24.4	-32.19999999999999	-16.0	-0.5999999999999996	-43.799999999999955	-9.800000000000011	0.8	-39.80000000000001	-2.1999999999999886	-37.2	-38.200000000000045	-17.399999999999977	-29.80000000000001	-39.39999999999998	-4.0	-32.19999999999999	-34.60000000000002	-12.199999999999989	-26.0	-38.200000000000045	-6.400000000000006	-27.600000000000023	-37.799999999999955	-11.199999999999989	-23.599999999999994	-38.799999999999955	-9.199999999999989	-24.6	
-41.19999999999999	7.0	-24.799999999999997	-43.19999999999999	11.599999999999994	0.3999999999999999	-54.799999999999955	16.600000000000023	-0.19999999999999996	-46.60000000000002	17.600000000000023	-30.0	-54.799999999999955	10.600000000000023	-33.0	-45.799999999999955	14.0	-30.400000000000006	-45.0	8.800000000000011	-31.799999999999997	-46.39999999999998	10.400000000000006	-28.600000000000023	-51.39999999999998	7.600000000000023	-30.0	-48.0	8.800000000000011	-28.6	
-15.600000000000023	8.0	-2.5999999999999943	-38.0	17.19999999999999	-1.4	-38.0	29.399999999999977	0.4	-24.600000000000023	26.19999999999999	-10.400000000000006	-38.799999999999955	16.600000000000023	-11.800000000000011	-21.200000000000045	16.0	-5.800000000000011	-25.399999999999977	9.599999999999994	-4.0	-19.0	10.0	-1.3999999999999773	-20.0	6.0	-2.8000000000000114	-16.799999999999955	7.800000000000011	-2.8	
-3.6000000000000227	1.8000000000000114	15.200000000000003	-53.39999999999998	-10.399999999999977	0.20000000000000018	-59.200000000000045	3.6000000000000227	2.0	-38.0	14.399999999999977	-8.799999999999997	-30.200000000000045	-12.199999999999989	34.60000000000002	-24.799999999999955	3.6000000000000227	6.599999999999994	-7.0	-6.400000000000006	35.80000000000001	-12.0	-0.19999999999998863	14.0	6.2000000000000455	-2.3999999999999773	29.799999999999997	0.39999999999997726	-1.5999999999999943	20.6	

-56.60000000000002	-0.8000000000000114	-42.599999999999994	-76.39999999999998	-20.600000000000023	-3.6	-98.0	-0.8000000000000114	1.4	-80.0	19.399999999999977	-69.6	-78.39999999999998	-21.600000000000023	-53.60000000000002	-73.39999999999998	9.399999999999977	-61.599999999999994	-62.200000000000045	-12.599999999999994	-49.19999999999999	-66.20000000000005	2.1999999999999886	-51.39999999999998	-63.39999999999998	-10.0	-46.599999999999994	-61.799999999999955	-5.800000000000011	-49.8	
-64.80000000000001	-10.400000000000006	-44.599999999999994	-73.79999999999995	-27.80000000000001	-1.0	-93.60000000000002	-7.399999999999977	-2.2	-79.19999999999999	8.0	-61.599999999999994	-79.39999999999998	-26.0	-50.80000000000001	-75.20000000000005	-1.6000000000000227	-55.80000000000001	-67.0	-20.599999999999994	-45.80000000000001	-72.39999999999998	-4.800000000000011	-48.0	-68.79999999999995	-17.600000000000023	-42.80000000000001	-67.79999999999995	-11.599999999999994	-45.4	
-36.39999999999998	8.599999999999994	-22.4	-32.39999999999998	12.600000000000023	0.6000000000000001	-38.60000000000002	15.399999999999977	-1.2	-34.0	10.0	-18.799999999999997	-43.799999999999955	13.800000000000011	-30.0	-35.799999999999955	10.0	-25.0	-40.60000000000002	7.0	-28.599999999999994	-38.39999999999998	7.0	-25.19999999999999	-44.0	7.600000000000023	-29.19999999999999	-40.60000000000002	7.599999999999994	-26.6	
8.199999999999989	12.800000000000011	10.599999999999994	-6.7999999999999545	45.19999999999999	-0.6000000000000001	12.0	44.19999999999999	-0.4	22.19999999999999	22.80000000000001	23.799999999999997	-4.2000000000000455	38.39999999999998	-0.39999999999997726	17.399999999999977	17.80000000000001	16.80000000000001	-0.6000000000000227	22.400000000000006	4.599999999999994	13.600000000000023	14.400000000000006	12.600000000000023	1.0	19.19999999999999	5.199999999999989	6.0	15.599999999999994	7.8	
9.600000000000023	5.400000000000006	28.400000000000006	-63.80000000000001	5.800000000000011	-1.6	-62.60000000000002	25.19999999999999	-0.2	-34.60000000000002	31.80000000000001	7.400000000000006	-34.39999999999998	1.1999999999999886	43.60000000000002	-18.799999999999955	15.0	22.599999999999994	-5.600000000000023	2.8000000000000114	46.0	-4.7999999999999545	8.400000000000006	26.19999999999999	8.200000000000045	4.600000000000023	37.599999999999994	4.600000000000023	4.199999999999989	33.2	

-9.799999999999955	8.199999999999989	-156.60000000000002	12.800000000000011	-12.0	3.5999999999999996	19.80000000000001	-16.80000000000001	1.0	14.800000000000011	-15.600000000000023	-35.60000000000002	35.0	-27.4	-80.79999999999995	36.60000000000002	-7.600000000000023	-72.39999999999998	24.600000000000023	-41.0	-149.79999999999995	30.399999999999977	3.1999999999999886	-124.60000000000002	-19.0	-59.0	-185.2	-7.7999999999999545	-19.400000000000006	-192.39999999999998	
-24.200000000000045	22.400000000000006	-67.19999999999999	-9.599999999999994	7.399999999999999	5.0	-9.400000000000006	12.0	-0.6	-15.0	10.600000000000023	-19.399999999999977	-5.800000000000011	6.6	-50.200000000000045	-11.0	14.800000000000011	-32.0	-13.200000000000045	3.6000000000000014	-73.0	-12.0	17.599999999999994	-48.60000000000002	-34.0	-1.5999999999999943	-83.80000000000001	-26.0	12.0	-76.39999999999998	
-9.399999999999977	19.599999999999994	-71.80000000000001	7.800000000000011	1.6000000000000014	-2.0	8.599999999999994	-2.4000000000000057	-0.2	6.199999999999989	-2.0	-14.600000000000023	17.399999999999977	-5.6	-24.399999999999977	15.800000000000011	0.8000000000000114	-31.600000000000023	13.600000000000023	-10.399999999999999	-54.799999999999955	13.399999999999977	10.400000000000006	-54.39999999999998	-5.2000000000000455	-15.400000000000006	-78.4	-4.7999999999999545	0.4000000000000057	-85.19999999999999	
-23.600000000000023	-23.400000000000006	23.600000000000023	-29.599999999999994	-13.6	2.0	-31.599999999999994	-6.400000000000006	0.4	-23.599999999999994	6.600000000000023	-41.60000000000002	-50.80000000000001	-14.2	-11.600000000000023	-41.19999999999999	-1.1999999999999886	-29.0	-42.60000000000002	-12.0	25.399999999999977	-42.0	-10.599999999999994	-2.2000000000000455	-21.799999999999955	-8.0	48.19999999999999	-22.799999999999955	-16.400000000000006	34.0	
15.200000000000045	11.199999999999989	84.79999999999995	-14.799999999999997	10.399999999999999	-0.5999999999999996	-23.19999999999999	34.0	-1.6	-25.599999999999994	43.80000000000001	-29.399999999999977	-45.80000000000001	21.8	-35.799999999999955	-42.60000000000002	38.19999999999999	2.7999999999999545	-39.799999999999955	29.200000000000003	17.0	-30.200000000000045	24.400000000000006	49.200000000000045	1.7999999999999545	31.4	51.0	7.0	25.400000000000006	70.39999999999998	

-58.0	-18.19999999999999	8.0	-57.2	10.399999999999999	0.7999999999999998	-73.80000000000001	5.800000000000011	-1.0	-71.4	-6.600000000000023	-15.199999999999989	-73.80000000000001	15.0	-26.0	-71.39999999999998	-9.600000000000023	-7.399999999999977	-65.60000000000002	13.0	-15.0	-65.60000000000002	-12.399999999999977	2.0	-72.20000000000005	11.400000000000006	-7.0	-63.39999999999998	1.0	5.0	
-35.200000000000045	-6.199999999999989	-4.399999999999977	-34.599999999999994	2.8000000000000007	1.5999999999999996	-41.80000000000001	-1.1999999999999886	-0.19999999999999996	-39.80000000000001	-3.3999999999999773	-21.600000000000023	-44.60000000000002	0.0	-10.399999999999977	-42.39999999999998	-5.600000000000023	-17.399999999999977	-39.60000000000002	2.799999999999997	-1.2000000000000455	-43.200000000000045	-6.600000000000023	-12.0	-41.60000000000002	3.5999999999999943	1.8000000000000114	-39.0	-2.8000000000000114	-1.0	
-26.0	13.400000000000006	7.199999999999989	-25.200000000000003	20.2	-1.4000000000000004	-36.0	23.599999999999994	-4.0	-36.599999999999994	15.399999999999977	-2.1999999999999886	-32.60000000000002	28.0	-18.799999999999955	-35.80000000000001	17.19999999999999	0.0	-35.799999999999955	27.0	-16.600000000000023	-33.200000000000045	14.599999999999994	3.6000000000000227	-40.39999999999998	27.400000000000006	-13.399999999999977	-35.39999999999998	23.0	-0.6000000000000227	
8.600000000000023	-104.19999999999999	41.80000000000001	-56.8	-67.8	-2.0	-49.599999999999994	-94.80000000000001	2.0	-22.0	-66.39999999999998	-50.60000000000002	-74.19999999999999	-95.6	105.0	-37.19999999999999	-91.19999999999999	-27.0	-25.200000000000045	-89.6	180.0	-26.600000000000023	-111.0	12.0	44.799999999999955	-84.19999999999999	186.0	24.200000000000045	-121.80000000000001	112.0	
-12.799999999999955	28.80000000000001	49.80000000000001	-13.200000000000003	25.0	-2.2	-19.80000000000001	53.80000000000001	-0.4	-25.599999999999994	51.19999999999999	-17.80000000000001	-41.0	41.0	-56.39999999999998	-40.0	50.0	1.6000000000000227	-47.200000000000045	43.2	-22.200000000000045	-36.60000000000002	40.400000000000006	29.0	-35.39999999999998	46.400000000000006	10.800000000000011	-27.200000000000045	43.599999999999994	36.799999999999955	

-42.39999999999998	-34.400000000000006	11.199999999999989	-74.80000000000001	13.799999999999997	-2.4000000000000004	-98.4	-12.0	-0.6	-89.19999999999999	-31.0	5.399999999999977	-76.39999999999998	12.0	33.39999999999998	-75.39999999999998	-35.80000000000001	17.200000000000045	-51.799999999999955	11.799999999999997	35.0	-56.799999999999955	-36.0	20.200000000000045	-46.39999999999998	9.199999999999989	16.599999999999994	-41.39999999999998	-13.0	21.80000000000001	
-28.799999999999955	-53.19999999999999	83.0	-99.80000000000001	-2.3999999999999986	1.2000000000000002	-127.80000000000001	-28.599999999999994	1.4	-110.6	-42.19999999999999	21.600000000000023	-101.0	3.799999999999997	103.0	-95.0	-55.39999999999998	58.200000000000045	-51.799999999999955	4.599999999999994	136.20000000000005	-62.200000000000045	-57.0	81.79999999999995	-21.399999999999977	3.8000000000000114	123.19999999999999	-23.200000000000045	-30.599999999999994	116.39999999999998	
0.0	1.4000000000000057	-7.800000000000011	-6.199999999999989	6.799999999999997	-1.2000000000000002	-3.1999999999999886	5.599999999999994	-0.6	-5.600000000000023	-0.19999999999998863	0.8000000000000114	-1.0	8.400000000000006	-9.600000000000023	-1.0	0.8000000000000114	-1.2000000000000455	-1.3999999999999773	5.799999999999997	-14.0	0.20000000000004547	2.0	-5.7999999999999545	-4.7999999999999545	5.400000000000006	-17.599999999999994	-1.0	4.0	-13.0	
17.0	-45.39999999999998	21.600000000000023	-36.80000000000001	-22.599999999999994	2.8	-40.0	-42.19999999999999	0.0	-28.399999999999977	-37.39999999999998	-3.0	-29.600000000000023	-29.80000000000001	73.39999999999998	-22.0	-50.19999999999999	15.200000000000045	4.2000000000000455	-27.19999999999999	91.79999999999995	-2.6000000000000227	-53.80000000000001	27.0	33.200000000000045	-25.400000000000006	73.6	25.0	-45.0	52.60000000000002	
-8.799999999999955	16.0	53.80000000000001	-35.80000000000001	29.0	3.2	-45.80000000000001	52.0	3.2	-39.0	48.0	-8.600000000000023	-60.80000000000001	40.400000000000006	-27.0	-45.60000000000002	37.80000000000001	19.799999999999955	-49.200000000000045	38.0	20.600000000000023	-31.799999999999955	22.80000000000001	47.0	-28.0	34.19999999999999	44.80000000000001	-18.799999999999955	25.80000000000001	57.19999999999999	

19.200000000000045	-28.599999999999994	-29.600000000000023	6.199999999999989	-2.3999999999999986	-1.5999999999999996	8.399999999999977	-40.0	-1.0	6.399999999999977	-55.80000000000001	38.80000000000001	37.39999999999998	-6.0	52.799999999999955	23.600000000000023	-49.19999999999999	19.200000000000045	41.0	-8.599999999999994	13.600000000000023	28.399999999999977	-38.0	-7.2000000000000455	31.600000000000023	-9.599999999999994	-21.799999999999997	29.0	-20.599999999999994	-22.600000000000023	
18.799999999999955	-51.80000000000001	17.19999999999999	-39.0	13.0	0.7999999999999998	-52.39999999999998	-48.0	0.6	-48.60000000000002	-83.39999999999998	82.19999999999999	0.0	9.400000000000006	126.60000000000002	-10.200000000000045	-81.0	77.20000000000005	28.399999999999977	3.5999999999999943	93.39999999999998	13.600000000000023	-67.80000000000001	51.39999999999998	37.0	-0.19999999999998863	41.0	32.39999999999998	-30.80000000000001	37.80000000000001	
-5.2000000000000455	-4.400000000000006	-10.199999999999989	-10.0	3.0	-3.0	-12.199999999999989	-2.8000000000000114	-0.6	-11.199999999999989	-6.199999999999989	-7.199999999999989	-11.0	0.0	-5.399999999999977	-10.799999999999955	-5.600000000000023	-9.199999999999989	-8.200000000000045	-2.0	-6.199999999999989	-10.600000000000023	-4.599999999999994	-11.0	-10.399999999999977	-1.0	-11.200000000000003	-9.0	-3.4000000000000057	-10.599999999999994	
21.0	-36.0	25.600000000000023	-26.80000000000001	-23.400000000000006	0.40000000000000036	-28.600000000000023	-39.599999999999994	0.2	-16.600000000000023	-34.60000000000002	6.600000000000023	-9.200000000000045	-29.80000000000001	67.79999999999995	-8.0	-44.19999999999999	22.799999999999955	17.600000000000023	-25.200000000000003	79.0	8.600000000000023	-43.0	30.799999999999955	39.0	-23.599999999999994	60.599999999999994	30.799999999999955	-34.80000000000001	43.80000000000001	
-16.200000000000045	7.400000000000006	41.39999999999998	-49.80000000000001	14.600000000000001	1.5999999999999996	-60.80000000000001	37.19999999999999	1.0	-49.19999999999999	38.80000000000001	-21.600000000000023	-69.39999999999998	20.799999999999997	-23.0	-51.799999999999955	27.0	6.0	-50.60000000000002	20.599999999999994	17.80000000000001	-38.200000000000045	14.400000000000006	31.0	-32.200000000000045	18.400000000000006	36.80000000000001	-25.0	14.599999999999994	43.39999999999998	

-11.799999999999955	-5.400000000000006	-18.80000000000001	-19.600000000000023	16.0	-0.5999999999999996	-26.600000000000023	4.0	2.0	-27.399999999999977	-12.199999999999989	18.19999999999999	-19.0	16.200000000000003	-0.7999999999999545	-15.0	-9.400000000000006	6.0	-17.600000000000023	10.600000000000001	-12.600000000000023	-13.600000000000023	-8.0	-7.600000000000023	-20.600000000000023	5.800000000000011	-23.200000000000003	-16.600000000000023	1.0	-18.0	
8.600000000000023	-11.400000000000006	-58.599999999999994	54.19999999999999	1.7999999999999972	0.40000000000000036	64.79999999999995	-26.599999999999994	0.0	52.200000000000045	-44.80000000000001	20.19999999999999	59.799999999999955	0.4000000000000057	-4.0	45.39999999999998	-33.0	-15.800000000000011	33.60000000000002	-5.0	-45.39999999999998	28.399999999999977	-20.19999999999999	-44.60000000000002	13.200000000000045	-7.400000000000006	-60.2	11.600000000000023	-9.199999999999989	-61.80000000000001	
-29.0	16.200000000000003	-52.0	-4.800000000000011	18.0	-4.8	-6.0	31.400000000000006	-0.4	-2.3999999999999773	24.19999999999999	-36.0	-24.399999999999977	21.599999999999994	-77.0	-16.0	24.80000000000001	-52.39999999999998	-33.39999999999998	15.799999999999997	-82.80000000000001	-27.600000000000023	23.400000000000006	-56.799999999999955	-48.799999999999955	11.599999999999994	-74.8	-41.0	17.200000000000003	-68.80000000000001	
12.200000000000045	-8.199999999999989	10.599999999999994	-9.0	-1.3999999999999986	-2.8	-11.199999999999989	-6.199999999999989	0.19999999999999996	-7.600000000000023	-8.800000000000011	11.600000000000023	2.0	2.200000000000003	26.600000000000023	0.39999999999997726	-9.800000000000011	16.80000000000001	9.200000000000045	2.4000000000000057	23.19999999999999	7.0	-9.0	15.399999999999977	16.600000000000023	2.4000000000000057	13.600000000000001	12.600000000000023	-4.400000000000006	13.199999999999989	
-11.600000000000023	-3.0	50.19999999999999	-73.19999999999999	4.600000000000001	-0.5999999999999996	-91.0	17.80000000000001	0.4	-76.19999999999999	23.80000000000001	-11.199999999999989	-74.39999999999998	9.0	23.399999999999977	-61.200000000000045	9.800000000000011	27.19999999999999	-39.60000000000002	9.799999999999997	55.60000000000002	-37.39999999999998	1.2000000000000028	49.39999999999998	-15.799999999999955	10.800000000000011	58.0	-14.399999999999977	3.1999999999999886	58.599999999999994	

-15.200000000000045	-11.400000000000006	-67.4	43.0	-24.0	-0.7999999999999998	50.0	-36.599999999999994	-0.19999999999999996	38.200000000000045	-29.80000000000001	-60.60000000000002	33.0	-27.799999999999997	-52.60000000000002	17.799999999999955	-20.0	-70.19999999999999	8.799999999999955	-22.400000000000006	-68.19999999999999	-0.39999999999997726	-14.799999999999997	-71.60000000000002	-8.0	-21.19999999999999	-67.2	-9.200000000000045	-14.200000000000003	-69.8	
-38.0	-1.2000000000000028	-104.4	39.60000000000002	-24.799999999999997	-0.7999999999999998	51.0	-22.599999999999994	0.0	42.39999999999998	-11.800000000000011	-110.0	12.399999999999977	-27.80000000000001	-118.19999999999999	6.399999999999977	-3.8000000000000114	-121.0	-14.600000000000023	-25.799999999999997	-128.4	-21.0	-3.200000000000003	-117.79999999999995	-39.60000000000002	-22.0	-116.6	-37.200000000000045	-11.400000000000006	-114.4	
-16.399999999999977	4.799999999999997	-28.400000000000006	-0.6000000000000227	-5.399999999999999	5.8	2.6000000000000227	4.800000000000011	-1.4	4.7999999999999545	14.600000000000023	-49.80000000000001	-14.0	-6.200000000000003	-53.0	-6.0	12.199999999999989	-46.19999999999999	-17.200000000000045	-6.599999999999994	-46.599999999999994	-13.200000000000045	7.400000000000006	-36.799999999999955	-21.399999999999977	-6.400000000000006	-36.400000000000006	-22.399999999999977	-0.19999999999998863	-36.2	
20.0	10.799999999999997	2.5999999999999943	22.399999999999977	6.399999999999999	1.4000000000000004	28.399999999999977	11.0	-1.8	30.200000000000045	13.199999999999989	2.1999999999999886	24.600000000000023	9.200000000000003	1.3999999999999773	26.399999999999977	10.199999999999989	3.1999999999999886	22.600000000000023	9.599999999999994	-1.0	24.799999999999955	10.0	0.0	20.600000000000023	9.0	0.0	21.600000000000023	9.200000000000003	0.5999999999999943	
1.7999999999999545	-14.0	38.599999999999994	-49.39999999999998	-9.0	-2.2	-64.60000000000002	-8.199999999999989	0.0	-55.80000000000001	-4.600000000000023	12.0	-32.799999999999955	-5.0	48.39999999999998	-32.60000000000002	-11.800000000000011	34.39999999999998	-7.399999999999977	-2.5999999999999943	57.19999999999999	-12.799999999999955	-14.0	42.39999999999998	6.2000000000000455	-2.4000000000000057	46.2	5.2000000000000455	-8.599999999999994	44.19999999999999	

-45.60000000000002	-17.599999999999994	-34.400000000000006	-38.799999999999955	-41.4	1.4000000000000004	-62.799999999999955	-47.400000000000006	-2.0	-68.0	-28.19999999999999	-65.39999999999998	-43.200000000000045	-40.19999999999999	-22.399999999999977	-60.799999999999955	-24.600000000000023	-50.80000000000001	-36.799999999999955	-28.0	-26.19999999999999	-52.0	-21.0	-37.39999999999998	-40.0	-23.80000000000001	-25.4	-43.200000000000045	-23.599999999999994	-30.200000000000003	
-42.60000000000002	-8.599999999999994	-29.0	-39.60000000000002	-20.6	2.4000000000000004	-54.60000000000002	-18.0	0.8	-53.60000000000002	-7.199999999999989	-44.39999999999998	-46.200000000000045	-17.400000000000006	-29.600000000000023	-53.200000000000045	-6.600000000000023	-39.60000000000002	-40.0	-15.0	-28.599999999999994	-47.60000000000002	-10.199999999999989	-34.799999999999955	-45.0	-10.800000000000011	-27.599999999999994	-44.60000000000002	-8.0	-27.599999999999994	
-28.0	16.400000000000006	1.5999999999999943	-65.19999999999999	18.0	0.40000000000000036	-78.39999999999998	39.19999999999999	-1.0	-62.39999999999998	41.0	-8.0	-67.60000000000002	21.599999999999994	-15.800000000000011	-48.39999999999998	30.400000000000006	-0.8000000000000114	-46.39999999999998	19.0	-6.199999999999989	-38.0	22.799999999999997	3.6000000000000227	-40.799999999999955	16.400000000000006	-4.0	-34.39999999999998	18.400000000000006	0.0	
34.0	10.599999999999994	39.80000000000001	3.3999999999999773	4.0	-1.2000000000000002	1.0	12.800000000000011	-0.4	6.7999999999999545	11.399999999999977	28.80000000000001	19.399999999999977	11.400000000000006	43.39999999999998	17.600000000000023	8.599999999999994	38.39999999999998	27.200000000000045	12.200000000000003	45.80000000000001	27.799999999999955	9.0	41.799999999999955	39.60000000000002	14.199999999999989	43.8	36.799999999999955	11.800000000000011	40.599999999999994	
12.0	-16.0	30.599999999999994	-22.799999999999955	-16.799999999999997	2.8	-38.799999999999955	-31.80000000000001	0.19999999999999996	-38.200000000000045	-28.0	22.399999999999977	-1.7999999999999545	-14.800000000000011	63.200000000000045	-12.0	-29.0	34.60000000000002	14.0	-11.0	56.19999999999999	3.7999999999999545	-23.599999999999994	31.799999999999955	22.200000000000045	-8.199999999999989	40.4	16.0	-16.400000000000006	35.0	

-79.60000000000002	-16.599999999999994	-78.0	-41.60000000000002	-39.400000000000006	0.5999999999999996	-72.79999999999995	-42.0	-1.2	-79.0	-23.0	-114.60000000000002	-66.20000000000005	-40.80000000000001	-82.19999999999999	-81.79999999999995	-19.19999999999999	-101.80000000000001	-66.60000000000002	-27.19999999999999	-84.19999999999999	-83.20000000000005	-18.599999999999994	-88.0	-81.79999999999995	-23.19999999999999	-83.0	-81.39999999999998	-20.400000000000006	-82.0	
-32.60000000000002	-7.800000000000011	-32.0	-18.600000000000023	-9.799999999999997	3.2	-25.600000000000023	-17.399999999999977	-0.4	-31.0	-13.399999999999977	-35.0	-26.399999999999977	-13.800000000000011	-27.19999999999999	-30.600000000000023	-10.199999999999989	-34.80000000000001	-25.399999999999977	-9.599999999999994	-29.599999999999994	-33.200000000000045	-9.599999999999994	-31.200000000000045	-35.0	-7.599999999999994	-30.400000000000006	-32.200000000000045	-6.400000000000006	-32.2	
-12.399999999999977	7.400000000000006	-12.799999999999997	-6.600000000000023	7.799999999999997	0.20000000000000018	-3.6000000000000227	5.399999999999977	1.8	-6.7999999999999545	4.600000000000023	-11.0	-7.0	6.800000000000011	-10.600000000000023	-7.600000000000023	4.199999999999989	-12.199999999999989	-10.399999999999977	7.599999999999994	-11.800000000000011	-11.600000000000023	6.0	-13.799999999999955	-12.799999999999955	6.599999999999994	-13.599999999999994	-12.399999999999977	8.800000000000011	-13.600000000000001	
1.6000000000000227	14.199999999999989	-4.799999999999997	-7.399999999999977	5.599999999999994	-3.5999999999999996	-3.0	20.19999999999999	0.6	5.399999999999977	23.19999999999999	-22.399999999999977	-4.2000000000000455	6.599999999999994	-18.399999999999977	2.3999999999999773	17.0	-13.800000000000011	-2.7999999999999545	7.199999999999989	-9.200000000000003	2.0	13.199999999999989	-6.7999999999999545	1.3999999999999773	8.800000000000011	-6.199999999999989	1.3999999999999773	10.400000000000006	-2.8000000000000007	
2.2000000000000455	-8.800000000000011	17.200000000000003	-45.0	-30.400000000000006	-2.0	-71.60000000000002	-32.80000000000001	-0.8	-66.79999999999995	-12.399999999999977	-3.3999999999999773	-12.399999999999977	-23.19999999999999	51.19999999999999	-31.600000000000023	-19.399999999999977	16.19999999999999	5.2000000000000455	-11.0	47.0	-11.399999999999977	-14.599999999999994	17.600000000000023	14.600000000000023	-4.400000000000006	31.400000000000006	6.2000000000000455	-10.199999999999989	25.6	

-49.200000000000045	-17.599999999999994	-38.599999999999994	-46.39999999999998	-42.8	0.0	-85.60000000000002	-47.0	0.8	-89.60000000000002	-19.80000000000001	-58.39999999999998	-51.200000000000045	-35.80000000000001	-25.19999999999999	-68.79999999999995	-19.399999999999977	-47.39999999999998	-42.200000000000045	-26.799999999999997	-32.400000000000006	-57.60000000000002	-21.19999999999999	-40.200000000000045	-47.200000000000045	-25.19999999999999	-39.2	-49.0	-20.80000000000001	-38.2	
-54.39999999999998	0.19999999999998863	-48.599999999999994	-41.39999999999998	2.799999999999997	1.0	-49.0	3.6000000000000227	-1.0	-44.39999999999998	5.800000000000011	-42.80000000000001	-58.0	0.0	-50.19999999999999	-50.60000000000002	3.6000000000000227	-49.60000000000002	-53.200000000000045	-1.2000000000000028	-53.400000000000006	-53.60000000000002	0.4000000000000057	-48.39999999999998	-62.60000000000002	-3.1999999999999886	-52.0	-56.39999999999998	-1.4000000000000057	-50.4	
-28.600000000000023	2.1999999999999886	-23.200000000000003	-32.39999999999998	-3.3999999999999986	-4.0	-44.0	3.0	-1.8	-38.799999999999955	9.199999999999989	-27.19999999999999	-35.799999999999955	0.8000000000000114	-22.19999999999999	-34.200000000000045	7.0	-24.399999999999977	-28.600000000000023	1.0	-23.0	-30.799999999999955	4.800000000000011	-20.0	-32.200000000000045	1.1999999999999886	-22.400000000000006	-29.0	3.1999999999999886	-21.799999999999997	
1.6000000000000227	0.0	21.0	-57.799999999999955	-12.600000000000001	0.7999999999999998	-72.20000000000005	7.0	-3.4	-52.60000000000002	23.0	-6.600000000000023	-30.399999999999977	-11.599999999999994	18.80000000000001	-25.200000000000045	7.600000000000023	17.19999999999999	-6.600000000000023	-5.199999999999989	26.599999999999994	-6.7999999999999545	1.4000000000000057	19.399999999999977	6.2000000000000455	-4.199999999999989	24.799999999999997	2.3999999999999773	-2.4000000000000057	23.599999999999994	
-9.399999999999977	-11.599999999999994	15.599999999999994	-68.39999999999998	-42.8	0.20000000000000018	-107.60000000000002	-39.19999999999999	0.8	-100.60000000000002	-7.0	-17.19999999999999	-32.39999999999998	-31.80000000000001	48.60000000000002	-52.799999999999955	-15.199999999999989	9.199999999999989	-6.7999999999999545	-17.0	40.0	-27.0	-14.800000000000011	16.0	0.6000000000000227	-11.0	27.0	-5.2000000000000455	-11.199999999999989	21.599999999999994	

-20.399999999999977	-1.6000000000000014	-183.39999999999998	29.399999999999977	-18.799999999999997	2.0	54.60000000000002	-9.0	-0.6	52.39999999999998	1.8000000000000114	-43.0	41.200000000000045	-43.400000000000006	-105.20000000000005	67.79999999999995	6.0	-102.0	8.200000000000045	-63.8	-163.2	40.200000000000045	4.199999999999999	-173.0	-42.200000000000045	-81.0	-173.6	-35.200000000000045	-47.2	-210.0	
-27.600000000000023	5.0	-84.39999999999998	-3.0	-12.200000000000003	0.0	2.0	-11.0	0.6	4.800000000000011	-3.4000000000000057	-41.60000000000002	-4.0	-21.599999999999994	-51.60000000000002	3.6000000000000227	-1.5999999999999943	-63.39999999999998	-12.200000000000045	-28.0	-73.80000000000001	-9.600000000000023	-1.8000000000000007	-86.79999999999995	-36.0	-32.2	-76.8	-35.200000000000045	-18.0	-92.80000000000001	
-12.799999999999955	15.0	-96.80000000000001	14.0	-5.400000000000006	1.6	29.0	0.20000000000000284	-1.2	27.19999999999999	9.0	-29.0	20.200000000000045	-14.799999999999997	-52.19999999999999	30.0	11.400000000000006	-59.200000000000045	5.7999999999999545	-22.200000000000003	-77.80000000000001	15.600000000000023	13.8	-87.60000000000002	-19.200000000000045	-28.200000000000003	-83.0	-18.0	-11.6	-99.4	
0.6000000000000227	-25.400000000000006	72.60000000000002	-28.80000000000001	-14.599999999999994	-0.3999999999999999	-38.19999999999999	-24.8	-0.19999999999999996	-33.0	-22.0	-21.600000000000023	-37.19999999999999	-7.400000000000006	41.60000000000002	-47.0	-25.599999999999994	7.7999999999999545	-19.200000000000045	5.599999999999994	77.39999999999998	-32.0	-30.4	49.40000000000009	15.600000000000023	11.399999999999999	84.4	10.200000000000045	-10.8	87.80000000000001	
-6.7999999999999545	32.4	70.80000000000001	-23.0	-8.799999999999997	-3.6	-33.60000000000002	11.0	-0.6	-39.80000000000001	31.0	-61.80000000000001	-45.80000000000001	-0.20000000000000284	-31.0	-65.39999999999998	34.8	-24.600000000000023	-37.200000000000045	15.200000000000003	6.199999999999989	-54.39999999999998	31.4	32.40000000000009	-10.399999999999977	24.0	31.6	-10.600000000000023	29.0	48.0	

-95.60000000000002	-25.799999999999997	-84.0	-83.80000000000001	-2.4000000000000057	-0.20000000000000018	-104.19999999999999	-8.2	0.8	-98.4	-19.400000000000006	-82.0	-102.19999999999999	-4.799999999999997	-99.60000000000002	-98.80000000000001	-20.400000000000006	-87.79999999999995	-96.20000000000005	-7.200000000000003	-103.0	-99.60000000000002	-23.0	-99.0	-113.39999999999998	-14.600000000000001	-110.19999999999999	-105.39999999999998	-20.6	-103.80000000000001	
-41.39999999999998	13.600000000000001	1.6000000000000227	-35.80000000000001	15.0	-4.4	-50.19999999999999	18.799999999999997	-0.3999999999999999	-51.599999999999994	11.800000000000011	-26.399999999999977	-49.0	22.0	-31.600000000000023	-51.60000000000002	14.400000000000006	-17.200000000000045	-44.799999999999955	23.80000000000001	-22.80000000000001	-45.39999999999998	14.399999999999999	-9.799999999999955	-43.200000000000045	26.0	-16.599999999999994	-43.0	20.2	-6.199999999999989	
-32.60000000000002	21.4	-13.800000000000011	-24.80000000000001	14.799999999999997	-2.8	-34.0	29.799999999999997	-1.2	-35.599999999999994	25.599999999999994	-15.199999999999989	-37.0	20.400000000000006	-42.39999999999998	-35.39999999999998	28.799999999999997	-18.200000000000045	-37.39999999999998	16.400000000000006	-37.19999999999999	-32.799999999999955	24.8	-19.0	-46.0	17.0	-31.400000000000006	-41.200000000000045	21.4	-27.19999999999999	
-42.0	-25.799999999999997	156.0	-104.6	21.19999999999999	2.0	-148.4	11.200000000000003	0.19999999999999996	-142.8	-6.199999999999989	8.0	-131.60000000000002	43.599999999999994	59.799999999999955	-144.2	-16.80000000000001	71.39999999999998	-89.79999999999995	56.19999999999999	121.79999999999995	-107.39999999999998	-22.4	135.0	-51.0	64.8	137.60000000000002	-47.0	24.4	168.20000000000005	
-37.39999999999998	39.8	39.200000000000045	-30.80000000000001	4.200000000000003	2.0	-42.0	31.200000000000003	1.6	-48.400000000000006	51.400000000000006	-63.0	-59.19999999999999	14.799999999999997	-62.799999999999955	-71.0	53.2	-35.0	-58.799999999999955	26.599999999999994	-29.0	-67.20000000000005	48.6	8.0	-48.0	34.6	-1.0	-46.799999999999955	43.4	21.19999999999999	

3.2000000000000455	-18.200000000000003	24.200000000000045	-42.0	25.80000000000001	0.20000000000000018	-57.60000000000002	11.0	-0.6	-57.19999999999999	-18.0	45.39999999999998	-32.39999999999998	32.80000000000001	29.200000000000045	-31.600000000000023	-20.400000000000006	51.799999999999955	-13.600000000000023	26.19999999999999	26.200000000000045	-8.200000000000045	-18.4	44.0	-5.7999999999999545	19.8	10.599999999999994	0.6000000000000227	4.6	24.0	
-22.799999999999955	-19.400000000000006	55.799999999999955	-86.19999999999999	28.80000000000001	2.2	-114.0	14.0	1.4	-109.4	-17.400000000000006	35.60000000000002	-80.80000000000001	39.19999999999999	34.0	-83.79999999999995	-22.19999999999999	60.60000000000002	-49.60000000000002	36.599999999999994	47.19999999999999	-49.200000000000045	-22.6	67.20000000000005	-33.39999999999998	32.6	36.0	-24.399999999999977	7.4	51.80000000000001	
-27.600000000000023	22.0	-56.60000000000002	-10.399999999999977	17.0	0.20000000000000018	-6.600000000000023	34.0	-1.0	-9.600000000000023	30.19999999999999	-21.0	-17.399999999999977	18.200000000000003	-71.39999999999998	-8.600000000000023	32.2	-39.0	-27.799999999999955	12.0	-83.80000000000001	-16.600000000000023	28.6	-55.200000000000045	-41.60000000000002	10.600000000000001	-78.6	-34.799999999999955	20.6	-73.0	
47.0	-38.400000000000006	38.39999999999998	-15.199999999999989	6.400000000000006	2.0	-24.19999999999999	-21.8	0.6	-20.19999999999999	-40.80000000000001	49.799999999999955	6.399999999999977	7.0	82.0	3.6000000000000227	-45.400000000000006	66.39999999999998	32.39999999999998	6.799999999999997	77.60000000000002	30.799999999999955	-43.0	61.39999999999998	55.0	4.600000000000001	50.19999999999999	53.799999999999955	-16.6	50.80000000000001	
-29.0	30.799999999999997	58.0	-35.19999999999999	5.200000000000003	2.4000000000000004	-54.80000000000001	38.6	1.8	-57.39999999999998	53.0	-50.0	-67.39999999999998	19.400000000000006	-47.799999999999955	-71.0	51.2	-9.600000000000023	-57.60000000000002	28.799999999999997	-5.0	-56.200000000000045	41.0	35.799999999999955	-39.0	34.4	22.80000000000001	-37.39999999999998	38.4	43.19999999999999	

-10.0	-15.4	-117.0	17.600000000000023	4.400000000000006	-3.0	31.0	-8.200000000000003	1.0	31.600000000000023	-31.19999999999999	-18.600000000000023	26.399999999999977	-2.0	-72.0	34.200000000000045	-26.799999999999997	-64.60000000000002	8.200000000000045	-13.0	-112.19999999999999	14.0	-21.2	-106.39999999999998	-14.200000000000045	-20.0	-127.6	-11.200000000000045	-18.2	-128.6	
13.399999999999977	0.8000000000000007	-33.19999999999999	-16.19999999999999	61.19999999999999	3.5999999999999996	-9.399999999999977	48.0	-0.6	-9.600000000000023	-5.400000000000006	107.0	4.0	61.2	7.0	25.200000000000045	-2.4000000000000057	63.60000000000002	3.6000000000000227	38.8	-27.80000000000001	26.799999999999955	-1.8000000000000007	9.600000000000023	-6.2000000000000455	25.4	-51.8	6.2000000000000455	17.0	-36.80000000000001	
-17.0	17.0	-52.599999999999994	9.0	8.599999999999994	0.8	16.200000000000045	12.799999999999997	-0.4	18.80000000000001	13.0	-30.80000000000001	1.3999999999999773	2.0	-55.80000000000001	10.0	14.400000000000006	-48.200000000000045	-11.399999999999977	0.0	-65.6	-6.399999999999977	14.600000000000001	-56.200000000000045	-24.0	-1.5999999999999943	-62.400000000000006	-22.799999999999955	5.2	-60.400000000000006	
34.39999999999998	-9.600000000000001	2.8000000000000114	18.19999999999999	4.200000000000003	1.7999999999999998	23.399999999999977	-12.6	0.4	21.80000000000001	-20.400000000000006	31.80000000000001	37.39999999999998	1.2000000000000028	37.19999999999999	34.39999999999998	-19.0	29.600000000000023	41.0	-1.6000000000000014	23.0	39.39999999999998	-14.8	16.799999999999955	41.60000000000002	-1.0	9.600000000000001	38.39999999999998	-6.0	6.599999999999994	
-4.600000000000023	7.0	47.39999999999998	-41.60000000000002	-4.599999999999994	0.0	-61.80000000000001	8.399999999999999	0.2	-60.39999999999998	18.80000000000001	-23.80000000000001	-45.0	8.399999999999999	12.199999999999989	-52.200000000000045	12.599999999999994	15.600000000000023	-25.600000000000023	14.399999999999999	35.39999999999998	-28.399999999999977	9.8	41.60000000000002	-5.0	18.200000000000003	39.4	-7.399999999999977	13.8	45.599999999999994	

-9.399999999999977	-3.0	-33.19999999999999	-11.600000000000023	14.599999999999994	2.4000000000000004	-5.399999999999977	13.600000000000001	-0.8	-3.6000000000000227	0.19999999999998863	-1.3999999999999773	-10.200000000000045	15.799999999999997	-33.200000000000045	-1.7999999999999545	1.4000000000000057	-17.399999999999977	-13.399999999999977	9.400000000000006	-45.0	-6.7999999999999545	-0.1999999999999993	-31.799999999999955	-19.399999999999977	4.799999999999997	-49.0	-16.0	4.4	-43.19999999999999	
5.600000000000023	-5.0	-68.80000000000001	42.0	19.0	0.3999999999999999	64.79999999999995	9.0	-1.2	64.20000000000005	-16.400000000000006	22.0	44.799999999999955	11.200000000000003	-40.19999999999999	54.799999999999955	-10.0	-21.200000000000045	20.799999999999955	-1.0	-69.80000000000001	30.0	-7.199999999999999	-52.39999999999998	1.6000000000000227	-5.799999999999997	-74.0	6.7999999999999545	-5.600000000000001	-75.80000000000001	
-15.399999999999977	5.800000000000001	-45.80000000000001	5.199999999999989	-2.4000000000000057	-2.2	10.600000000000023	1.0	-1.0	10.600000000000023	8.0	-40.60000000000002	-2.0	-5.800000000000001	-51.0	0.0	7.599999999999994	-48.80000000000001	-11.399999999999977	-4.399999999999999	-53.19999999999999	-10.200000000000045	7.2	-48.60000000000002	-21.200000000000045	-6.0	-50.6	-19.399999999999977	-1.1999999999999993	-48.0	
13.200000000000045	-10.600000000000001	17.19999999999999	-4.199999999999989	-4.200000000000003	-1.0	-14.0	-14.399999999999999	-0.6	-15.800000000000011	-16.19999999999999	11.0	3.3999999999999773	-2.3999999999999986	30.80000000000001	-4.0	-16.400000000000006	23.600000000000023	10.399999999999977	-1.1999999999999993	30.0	7.399999999999977	-14.0	24.600000000000023	18.799999999999955	1.5999999999999943	19.4	15.799999999999955	-5.399999999999999	22.400000000000006	
3.0	10.399999999999999	72.19999999999999	-55.39999999999998	7.0	3.2	-80.39999999999998	19.0	-1.4	-79.39999999999998	24.400000000000006	1.3999999999999773	-57.60000000000002	15.600000000000001	37.60000000000002	-57.0	17.799999999999997	46.60000000000002	-27.600000000000023	21.6	63.80000000000001	-27.399999999999977	10.6	66.39999999999998	-5.600000000000023	23.599999999999994	65.0	-2.2000000000000455	17.4	71.80000000000001	

-36.0	-13.0	-68.0	-13.800000000000011	-11.799999999999997	-3.2	-14.399999999999977	-16.2	2.8	-14.600000000000023	-13.0	-71.19999999999999	-28.600000000000023	-19.0	-74.39999999999998	-27.200000000000045	-10.799999999999997	-80.0	-33.799999999999955	-16.6	-81.6	-37.200000000000045	-11.8	-77.79999999999995	-44.39999999999998	-19.0	-78.2	-44.60000000000002	-13.8	-78.4	
-32.60000000000002	-2.6000000000000014	-38.80000000000001	-15.0	-14.200000000000003	0.5999999999999996	-19.0	-7.2	2.4	-18.200000000000045	3.1999999999999886	-57.0	-27.799999999999955	-14.2	-48.0	-35.0	3.0	-59.39999999999998	-34.799999999999955	-12.6	-55.0	-39.200000000000045	-1.4	-53.799999999999955	-41.39999999999998	-11.400000000000006	-47.0	-40.60000000000002	-8.200000000000003	-45.8	
-32.0	13.4	-13.0	-30.19999999999999	-7.0	-1.2000000000000002	-41.60000000000002	9.2	1.4	-37.39999999999998	26.19999999999999	-57.0	-42.0	-2.4000000000000004	-40.39999999999998	-43.60000000000002	23.0	-41.80000000000001	-37.0	2.5999999999999996	-26.400000000000006	-41.200000000000045	17.4	-26.200000000000045	-34.799999999999955	4.400000000000006	-16.799999999999997	-35.0	10.600000000000001	-18.0	
10.200000000000045	-2.8000000000000007	18.19999999999999	-7.199999999999989	-9.799999999999997	1.7999999999999998	-17.0	-10.4	-0.6	-19.600000000000023	-3.1999999999999886	-2.1999999999999886	-3.7999999999999545	-4.199999999999999	21.399999999999977	-8.399999999999977	-5.799999999999997	16.19999999999999	5.399999999999977	0.40000000000000036	24.80000000000001	1.7999999999999545	-5.0	21.600000000000023	11.200000000000045	-0.5999999999999943	23.799999999999997	10.0	-2.6000000000000014	24.19999999999999	
-4.600000000000023	-0.1999999999999993	30.80000000000001	-43.39999999999998	3.4000000000000057	0.20000000000000018	-68.60000000000002	5.2	0.8	-64.19999999999999	6.599999999999994	15.0	-35.200000000000045	12.399999999999999	34.19999999999999	-37.60000000000002	3.200000000000003	38.80000000000001	-13.399999999999977	14.399999999999999	42.599999999999994	-15.200000000000045	-1.0	43.39999999999998	-3.2000000000000455	13.200000000000003	35.0	-1.6000000000000227	7.799999999999997	38.400000000000006	

-38.200000000000045	-11.8	-32.0	-30.19999999999999	-15.400000000000006	2.0	-46.39999999999998	-30.6	-0.6	-53.0	-30.599999999999994	-37.39999999999998	-34.60000000000002	-18.0	-17.399999999999977	-46.60000000000002	-23.0	-37.60000000000002	-28.799999999999955	-13.399999999999999	-24.599999999999994	-42.39999999999998	-17.8	-34.60000000000002	-34.39999999999998	-12.599999999999994	-31.6	-35.39999999999998	-13.600000000000001	-33.599999999999994	
-40.799999999999955	7.0	-15.800000000000011	-55.0	0.4000000000000057	4.0	-70.20000000000005	12.799999999999997	-0.4	-60.799999999999955	22.0	-29.0	-58.0	2.0	-32.60000000000002	-52.799999999999955	16.0	-26.0	-47.60000000000002	3.8000000000000007	-26.599999999999994	-46.39999999999998	10.8	-20.399999999999977	-46.200000000000045	3.0	-24.799999999999997	-42.39999999999998	6.600000000000001	-20.0	
-19.0	7.6	13.0	-47.60000000000002	-4.200000000000003	-1.5999999999999996	-69.60000000000002	2.6000000000000014	1.0	-66.60000000000002	16.80000000000001	-14.600000000000023	-45.39999999999998	-0.7999999999999972	3.0	-47.60000000000002	13.0	1.6000000000000227	-27.0	2.6000000000000014	8.800000000000011	-32.0	9.2	8.399999999999977	-20.399999999999977	3.4000000000000057	9.799999999999997	-19.799999999999955	5.600000000000001	10.400000000000006	
8.0	-2.0	29.400000000000006	-18.399999999999977	-8.799999999999997	2.8	-34.799999999999955	-11.2	0.6	-37.39999999999998	-4.800000000000011	10.0	-6.399999999999977	-4.199999999999999	31.399999999999977	-17.200000000000045	-4.599999999999994	28.80000000000001	3.2000000000000455	-1.8000000000000007	36.80000000000001	1.2000000000000455	-3.5999999999999996	31.200000000000045	11.600000000000023	0.4000000000000057	31.0	10.799999999999955	-2.1999999999999993	30.599999999999994	
-11.799999999999955	-5.0	21.80000000000001	-53.60000000000002	-4.200000000000003	-2.0	-81.60000000000002	-17.8	1.4	-85.60000000000002	-17.19999999999999	13.600000000000023	-34.60000000000002	3.8000000000000007	41.0	-49.200000000000045	-14.400000000000006	31.399999999999977	-13.200000000000045	7.399999999999999	38.599999999999994	-23.799999999999955	-10.2	30.0	-5.7999999999999545	6.400000000000006	25.0	-9.799999999999955	0.7999999999999972	24.599999999999994	

-23.600000000000023	-25.4	-48.599999999999994	24.799999999999955	-24.80000000000001	-1.2000000000000002	24.600000000000023	-59.8	-0.19999999999999996	-2.7999999999999545	-68.4	-47.799999999999955	12.600000000000023	-27.400000000000006	-24.80000000000001	-12.399999999999977	-49.0	-53.39999999999998	-1.3999999999999773	-22.4	-40.80000000000001	-19.799999999999955	-34.2	-52.60000000000002	-14.399999999999977	-22.0	-45.2	-17.799999999999955	-23.6	-49.0	
-26.200000000000045	-12.4	-37.599999999999994	-11.0	-15.199999999999989	-4.4	-20.600000000000023	-33.2	0.0	-31.0	-37.80000000000001	-44.0	-23.399999999999977	-17.400000000000006	-39.60000000000002	-31.799999999999955	-29.200000000000003	-51.799999999999955	-26.0	-16.799999999999997	-46.599999999999994	-35.799999999999955	-21.4	-48.39999999999998	-36.60000000000002	-15.400000000000006	-50.8	-35.799999999999955	-16.2	-50.400000000000006	
-21.200000000000045	2.2	-13.599999999999994	-31.200000000000045	-4.800000000000011	0.20000000000000018	-48.200000000000045	0.5999999999999943	2.4	-48.200000000000045	5.400000000000006	-20.0	-34.799999999999955	2.200000000000003	-13.399999999999977	-34.0	4.400000000000006	-15.600000000000023	-25.0	2.200000000000003	-16.80000000000001	-26.799999999999955	1.8000000000000007	-13.799999999999955	-27.399999999999977	2.200000000000003	-17.400000000000006	-23.200000000000045	3.0	-18.0	
5.399999999999977	1.7999999999999998	7.0	-7.399999999999977	-10.0	-1.2000000000000002	-17.200000000000045	-2.5999999999999943	1.4	-17.0	8.199999999999989	-16.600000000000023	-4.399999999999977	-3.5999999999999943	-1.0	-5.399999999999977	4.0	-0.39999999999997726	2.2000000000000455	-1.6000000000000014	2.0	0.6000000000000227	1.6000000000000014	4.2000000000000455	3.0	0.20000000000000284	4.400000000000006	3.2000000000000455	-0.40000000000000036	3.799999999999997	
20.200000000000045	-10.4	48.599999999999994	-26.399999999999977	-4.599999999999994	1.6	-56.60000000000002	-23.4	3.2	-68.0	-29.80000000000001	76.39999999999998	2.7999999999999545	5.0	84.39999999999998	-12.799999999999955	-23.799999999999997	81.60000000000002	19.399999999999977	8.799999999999997	72.19999999999999	11.600000000000023	-16.6	65.20000000000005	29.799999999999955	6.799999999999997	54.0	25.399999999999977	-3.6000000000000014	56.0	

-31.600000000000023	-12.2	-35.0	-4.399999999999977	-9.800000000000011	-0.7999999999999998	-14.599999999999909	-32.0	-1.4	-31.799999999999955	-39.39999999999998	-22.799999999999955	-15.600000000000023	-11.599999999999994	-20.600000000000023	-32.39999999999998	-23.599999999999994	-33.60000000000002	-20.600000000000023	-7.600000000000001	-31.0	-33.200000000000045	-16.2	-35.0	-29.0	-9.200000000000003	-36.400000000000006	-28.799999999999955	-10.200000000000003	-38.0	
-9.200000000000045	-6.799999999999997	-8.400000000000006	5.7999999999999545	-7.599999999999994	2.4	3.400000000000091	-22.0	-0.8	-8.600000000000023	-26.0	-5.0	-0.7999999999999545	-9.799999999999997	-2.0	-8.799999999999955	-16.19999999999999	-13.199999999999989	-5.7999999999999545	-8.600000000000001	-8.199999999999989	-11.799999999999955	-14.0	-12.799999999999955	-10.200000000000045	-6.799999999999997	-11.0	-11.399999999999977	-6.600000000000001	-13.400000000000006	
-15.0	9.399999999999999	-10.199999999999989	-18.799999999999955	11.800000000000011	1.4000000000000004	-24.799999999999955	18.0	-0.6	-21.0	14.0	-2.0	-19.600000000000023	13.400000000000006	-7.800000000000011	-18.200000000000045	12.800000000000011	-6.199999999999989	-15.200000000000045	12.399999999999999	-10.400000000000006	-15.399999999999977	10.6	-9.200000000000045	-17.799999999999955	12.400000000000006	-11.799999999999997	-16.600000000000023	13.600000000000001	-9.799999999999997	
14.0	0.8000000000000007	23.19999999999999	-9.399999999999977	-14.199999999999989	-1.6	-32.799999999999955	-9.0	2.0	-32.60000000000002	5.599999999999994	3.0	1.6000000000000227	-5.0	20.80000000000001	-7.7999999999999545	2.4000000000000057	21.399999999999977	8.399999999999977	0.1999999999999993	25.400000000000006	5.600000000000023	1.4000000000000004	24.0	15.600000000000023	2.5999999999999943	25.400000000000006	15.0	0.7999999999999972	22.599999999999994	
18.399999999999977	-6.399999999999999	36.80000000000001	-13.600000000000023	-5.400000000000006	-2.2	-41.200000000000045	-32.8	-1.8	-59.200000000000045	-36.60000000000002	68.79999999999995	15.399999999999977	1.2000000000000028	77.20000000000005	-9.0	-27.0	65.39999999999998	21.799999999999955	4.399999999999999	60.80000000000001	11.600000000000023	-16.8	50.200000000000045	27.600000000000023	5.0	43.4	22.600000000000023	-2.0	43.400000000000006	

