4 9
8.800000000000011	-4.600000000000023	-14.600000000000023	39.8	-6.0	-2.0	39.2	-25.19999999999999	-1.2	26.6	-29.19999999999999	26.19999999999999	42.599999999999994	-7.0	18.599999999999994	23.80000000000001	-19.0	6.0	21.399999999999977	-3.0	-6.599999999999994	14.199999999999989	-10.199999999999989	-7.0	11.0	-1.2000000000000028	-13.599999999999994	9.399999999999977	-2.0	-12.399999999999977	
-14.600000000000023	-12.0	-23.600000000000023	12.0	-24.2	-1.4	10.399999999999999	-37.80000000000001	-0.2	3.799999999999997	-30.399999999999977	-8.400000000000006	12.800000000000011	-27.2	17.0	-4.400000000000006	-24.0	-16.600000000000023	3.3999999999999773	-14.200000000000003	-1.1999999999999886	-9.600000000000023	-17.19999999999999	-20.200000000000045	-3.0	-13.200000000000003	-7.199999999999989	-8.600000000000023	-13.800000000000011	-15.600000000000023	
-13.199999999999989	-1.3999999999999773	-21.399999999999977	9.200000000000003	-14.2	-3.2	6.399999999999999	-24.599999999999994	0.8	-1.5999999999999943	-20.399999999999977	-1.5999999999999943	11.399999999999977	-13.8	11.400000000000006	-3.0	-13.600000000000023	-13.600000000000023	0.19999999999998863	-6.599999999999994	-10.199999999999989	-8.800000000000011	-7.600000000000023	-19.200000000000045	-7.7999999999999545	-5.399999999999999	-16.400000000000006	-10.600000000000023	-5.599999999999994	-20.600000000000023	
40.60000000000002	-22.0	3.7999999999999545	44.0	-35.8	-1.8	46.2	-52.0	1.6	36.8	-42.80000000000001	11.400000000000006	60.400000000000006	-32.8	55.0	37.599999999999994	-34.80000000000001	10.800000000000011	52.80000000000001	-22.799999999999997	38.39999999999998	36.80000000000001	-29.0	5.2000000000000455	56.0	-17.8	24.0	44.39999999999998	-22.19999999999999	12.0	
28.19999999999999	-10.800000000000011	11.0	32.0	-9.399999999999999	4.4	36.2	-14.599999999999994	2.8	30.799999999999997	-15.600000000000023	8.0	33.80000000000001	-10.200000000000003	12.800000000000011	29.599999999999994	-15.399999999999977	12.199999999999989	28.399999999999977	-9.200000000000003	15.0	28.80000000000001	-14.399999999999977	13.0	32.39999999999998	-8.2	14.0	31.80000000000001	-9.400000000000006	13.600000000000023	

-12.399999999999977	6.0	7.600000000000023	-29.19999999999999	2.1999999999999993	-1.0	-34.400000000000006	7.599999999999994	-1.6	-26.80000000000001	10.800000000000011	-12.400000000000006	-29.80000000000001	1.8000000000000007	-2.0	-23.80000000000001	5.800000000000011	-3.8000000000000114	-20.600000000000023	3.5999999999999943	9.0	-16.80000000000001	2.6000000000000227	2.2000000000000455	-15.0	2.0	8.599999999999994	-13.800000000000011	1.4000000000000057	8.800000000000011	
-79.60000000000002	6.399999999999977	-31.799999999999955	-58.19999999999999	-3.1999999999999993	3.8	-72.6	-3.4000000000000057	-1.4	-74.4	3.0	-33.0	-71.80000000000001	-4.0	-30.80000000000001	-76.0	3.3999999999999773	-41.60000000000002	-67.19999999999999	-2.200000000000003	-34.0	-79.60000000000002	5.600000000000023	-35.799999999999955	-80.20000000000005	0.1999999999999993	-36.19999999999999	-80.39999999999998	3.4000000000000057	-35.39999999999998	
-67.60000000000002	9.399999999999977	-46.39999999999998	-35.0	-1.6000000000000014	-1.6	-45.19999999999999	-2.1999999999999886	1.6	-49.599999999999994	-3.6000000000000227	-24.400000000000006	-45.19999999999999	-1.8000000000000007	-39.80000000000001	-51.39999999999998	3.3999999999999773	-43.0	-56.19999999999999	-0.5999999999999943	-55.60000000000002	-60.39999999999998	7.399999999999977	-48.200000000000045	-69.60000000000002	0.1999999999999993	-55.0	-68.0	4.0	-52.0	
2.3999999999999773	7.0	49.39999999999998	-53.0	18.6	3.6	-61.60000000000002	41.19999999999999	-0.2	-44.39999999999998	42.80000000000001	-17.799999999999997	-61.60000000000002	21.4	-2.4000000000000057	-37.80000000000001	28.19999999999999	18.600000000000023	-32.39999999999998	16.400000000000006	39.60000000000002	-19.600000000000023	13.600000000000023	39.60000000000002	-8.600000000000023	15.200000000000003	51.599999999999994	-4.399999999999977	10.599999999999994	52.60000000000002	
21.399999999999977	-5.199999999999989	31.399999999999977	-5.800000000000011	9.8	1.7999999999999998	-1.4000000000000057	13.599999999999994	1.0	4.800000000000011	7.600000000000023	18.19999999999999	-2.8000000000000114	9.6	10.0	7.800000000000011	0.0	27.19999999999999	7.199999999999989	7.0	27.399999999999977	15.600000000000023	-4.399999999999977	31.399999999999977	19.0	3.799999999999997	29.0	20.200000000000045	-0.4000000000000057	33.19999999999999	

-59.200000000000045	8.800000000000011	-5.7999999999999545	-57.80000000000001	3.5999999999999996	5.8	-71.39999999999998	12.800000000000011	-1.0	-63.80000000000001	21.0	-48.400000000000006	-77.39999999999998	0.6000000000000001	-39.599999999999994	-71.19999999999999	17.600000000000023	-36.60000000000002	-59.39999999999998	3.5999999999999943	-16.80000000000001	-66.19999999999999	9.800000000000011	-19.399999999999977	-59.60000000000002	0.6000000000000014	-0.5999999999999943	-58.799999999999955	4.199999999999989	-3.6000000000000227	
-41.200000000000045	0.39999999999997726	19.399999999999977	-50.80000000000001	-13.8	-0.6000000000000001	-64.60000000000002	4.599999999999994	1.8	-53.80000000000001	23.80000000000001	-59.400000000000006	-71.0	-13.8	-24.599999999999994	-62.19999999999999	17.0	-30.19999999999999	-57.0	-10.599999999999994	10.800000000000011	-55.39999999999998	6.199999999999989	0.20000000000004547	-40.799999999999955	-4.600000000000001	30.599999999999994	-41.60000000000002	-2.5999999999999943	23.600000000000023	
-2.3999999999999773	-1.8000000000000114	6.600000000000023	-14.0	-10.0	3.4	-13.600000000000023	-5.0	-0.8	-9.600000000000023	1.3999999999999773	-16.400000000000006	-13.399999999999977	-8.399999999999999	0.5999999999999943	-13.0	-1.6000000000000227	-6.600000000000023	-6.0	-9.0	14.800000000000011	-8.600000000000023	-5.600000000000023	3.6000000000000227	-1.6000000000000227	-5.200000000000003	13.400000000000006	-4.2000000000000455	-5.800000000000011	11.0	
11.200000000000045	9.600000000000023	1.3999999999999773	16.80000000000001	-12.2	-0.6000000000000001	22.80000000000001	7.199999999999989	0.2	24.80000000000001	23.600000000000023	-46.400000000000006	7.600000000000023	-14.0	-30.400000000000006	11.199999999999989	19.399999999999977	-32.0	4.399999999999977	-14.200000000000003	-13.800000000000011	7.399999999999977	15.0	-15.399999999999977	8.399999999999977	-6.0	5.400000000000006	7.2000000000000455	1.4000000000000057	0.39999999999997726	
7.0	0.39999999999997726	22.200000000000045	-10.400000000000006	10.0	3.0	-10.400000000000006	13.400000000000006	-2.0	-6.800000000000011	12.399999999999977	8.0	-11.399999999999977	11.0	4.199999999999989	-2.3999999999999773	6.199999999999989	18.19999999999999	-6.0	8.599999999999994	12.600000000000023	1.6000000000000227	3.8000000000000114	23.799999999999955	5.399999999999977	7.200000000000003	20.80000000000001	6.7999999999999545	3.5999999999999943	21.80000000000001	

-40.799999999999955	13.399999999999977	-29.399999999999977	0.8000000000000114	-16.6	2.6	-0.19999999999998863	9.599999999999994	0.0	0.0	28.600000000000023	-63.80000000000001	-22.80000000000001	-18.8	-78.0	-20.600000000000023	29.399999999999977	-63.80000000000001	-37.0	-17.400000000000006	-69.19999999999999	-34.39999999999998	25.600000000000023	-50.0	-51.200000000000045	-15.0	-37.6	-48.799999999999955	2.4000000000000057	-38.80000000000001	
-44.200000000000045	25.0	0.8000000000000114	-18.400000000000006	10.4	0.6	-21.19999999999999	38.400000000000006	0.8	-21.80000000000001	46.60000000000002	-48.599999999999994	-44.39999999999998	15.4	-76.19999999999999	-37.0	44.80000000000001	-36.80000000000001	-58.80000000000001	12.400000000000006	-52.400000000000006	-46.0	35.80000000000001	-19.200000000000045	-61.799999999999955	13.200000000000003	-19.4	-54.0	24.0	-10.800000000000011	
-11.799999999999955	2.1999999999999886	-5.800000000000011	-6.800000000000011	-3.8	0.2	-8.400000000000006	2.1999999999999886	-1.0	-9.399999999999977	7.0	-20.19999999999999	-12.600000000000023	-5.199999999999999	-19.599999999999994	-11.800000000000011	4.399999999999977	-17.600000000000023	-19.399999999999977	-3.200000000000003	-12.599999999999994	-14.600000000000023	3.1999999999999886	-13.0	-17.799999999999955	-4.200000000000003	-8.200000000000003	-15.799999999999955	-1.1999999999999886	-5.600000000000023	
28.200000000000045	3.1999999999999886	-2.0	38.0	-10.8	-1.0	48.599999999999994	-4.400000000000006	0.4	47.599999999999994	5.600000000000023	-3.1999999999999886	39.60000000000002	-13.8	0.5999999999999943	41.0	2.1999999999999886	-6.199999999999989	33.0	-8.799999999999997	-1.1999999999999886	33.0	1.1999999999999886	-6.7999999999999545	32.60000000000002	-9.0	6.799999999999997	29.200000000000045	-5.599999999999994	0.0	
13.0	5.600000000000023	13.800000000000011	5.199999999999989	10.0	-3.2	9.0	13.599999999999994	1.6	6.600000000000023	9.800000000000011	11.400000000000006	5.199999999999989	13.2	-4.599999999999994	6.0	10.0	13.0	3.6000000000000227	11.200000000000003	0.8000000000000114	8.399999999999977	7.600000000000023	14.600000000000023	2.6000000000000227	11.799999999999997	3.799999999999997	6.600000000000023	10.199999999999989	12.199999999999989	

19.600000000000023	22.0	-32.39999999999998	23.80000000000001	-1.7999999999999972	-0.19999999999999996	25.400000000000006	3.5999999999999943	-1.2	23.19999999999999	3.1999999999999886	3.5999999999999943	37.80000000000001	-1.6000000000000014	-15.400000000000006	27.600000000000023	9.800000000000011	-6.600000000000023	35.60000000000002	0.8000000000000114	-44.0	25.80000000000001	15.399999999999977	-20.399999999999977	25.399999999999977	-0.4000000000000057	-54.60000000000002	24.0	15.199999999999989	-48.6	
3.7999999999999545	22.600000000000023	-17.19999999999999	16.80000000000001	3.799999999999997	0.7999999999999998	20.19999999999999	13.199999999999989	1.0	15.199999999999989	14.399999999999977	-0.8000000000000114	20.0	5.600000000000001	-20.799999999999997	15.800000000000011	18.399999999999977	-7.600000000000023	8.199999999999989	2.4000000000000057	-33.0	11.600000000000023	21.200000000000045	-15.200000000000045	3.7999999999999545	4.799999999999997	-33.0	4.7999999999999545	16.399999999999977	-28.4	
-1.6000000000000227	5.600000000000023	-8.600000000000023	5.599999999999994	0.0	0.0	0.8000000000000114	1.4000000000000057	-2.0	0.19999999999998863	-0.4000000000000057	-3.4000000000000057	4.199999999999989	2.1999999999999993	-11.0	-0.6000000000000227	1.3999999999999773	-7.0	4.0	0.0	-20.0	1.0	3.1999999999999886	-5.600000000000023	-1.7999999999999545	2.200000000000003	-17.0	-0.6000000000000227	2.6000000000000227	-14.399999999999999	
16.0	5.600000000000023	-9.600000000000023	10.800000000000011	1.6000000000000014	0.19999999999999996	14.0	0.4000000000000057	0.2	13.800000000000011	1.5999999999999943	3.8000000000000114	16.0	-2.6000000000000014	10.199999999999989	18.19999999999999	3.1999999999999886	2.1999999999999886	15.600000000000023	-4.599999999999994	3.3999999999999986	18.0	3.0	-2.7999999999999545	21.799999999999955	-2.799999999999997	-0.8000000000000114	17.799999999999955	-0.6000000000000227	-6.200000000000003	
28.0	-0.6000000000000227	57.0	13.400000000000006	23.6	-2.4	3.3999999999999773	14.599999999999994	-2.6	-1.0	-1.0	52.599999999999994	15.0	35.8	30.400000000000006	7.600000000000023	0.39999999999997726	61.39999999999998	19.80000000000001	40.599999999999994	30.200000000000003	15.199999999999989	-1.0	62.799999999999955	30.0	41.8	26.400000000000006	28.0	22.600000000000023	54.599999999999994	

22.0	12.0	9.800000000000011	-1.4000000000000057	7.799999999999997	5.6	-3.0	4.0	0.0	-4.600000000000023	-0.5999999999999943	16.399999999999977	10.0	15.799999999999997	10.0	0.19999999999998863	2.0	17.600000000000023	20.399999999999977	17.80000000000001	5.0	11.0	4.399999999999977	15.799999999999955	25.0	22.19999999999999	-7.600000000000023	21.600000000000023	16.600000000000023	1.7999999999999998	
27.600000000000023	26.399999999999977	-6.0	18.19999999999999	4.600000000000001	-1.7999999999999998	20.0	9.599999999999994	1.4	15.199999999999989	8.0	22.80000000000001	38.19999999999999	12.799999999999997	3.4000000000000057	22.0	11.600000000000023	18.399999999999977	37.60000000000002	14.199999999999989	-16.4	30.0	20.0	7.600000000000023	40.39999999999998	17.80000000000001	-38.19999999999999	36.19999999999999	25.0	-21.6	
5.600000000000023	1.8000000000000114	1.6000000000000227	6.400000000000006	0.6000000000000014	0.7999999999999998	6.399999999999977	1.1999999999999886	-0.8	5.600000000000023	-1.0	7.199999999999989	6.800000000000011	2.200000000000003	1.5999999999999943	6.199999999999989	0.0	4.199999999999989	9.600000000000023	-0.4000000000000057	-4.600000000000001	5.600000000000023	3.1999999999999886	4.0	7.399999999999977	3.200000000000003	-3.0	5.399999999999977	4.0	1.0	
13.0	4.199999999999989	5.600000000000023	8.400000000000006	4.600000000000001	0.4	8.199999999999989	5.400000000000006	0.0	8.600000000000023	3.0	11.599999999999994	7.599999999999994	4.600000000000001	13.400000000000006	8.800000000000011	3.3999999999999773	11.600000000000023	10.0	4.199999999999989	14.0	11.600000000000023	2.8000000000000114	9.0	14.600000000000023	4.599999999999994	11.0	13.0	2.1999999999999886	8.2	
-14.799999999999955	-10.199999999999989	58.0	-13.400000000000006	17.6	-2.8	-23.19999999999999	16.19999999999999	-0.19999999999999996	-24.19999999999999	5.400000000000006	23.80000000000001	-23.19999999999999	34.400000000000006	17.400000000000006	-28.600000000000023	3.1999999999999886	37.80000000000001	-22.600000000000023	41.599999999999994	35.8	-27.19999999999999	-1.3999999999999773	56.0	-15.799999999999955	45.599999999999994	48.80000000000001	-15.799999999999955	18.399999999999977	70.4	

12.0	79.60000000000002	-3.0	7.0	22.0	1.4	0.8000000000000114	24.0	-0.8	-6.399999999999977	20.80000000000001	25.399999999999977	36.19999999999999	34.0	22.19999999999999	7.0	31.19999999999999	26.399999999999977	60.400000000000006	41.400000000000006	-12.799999999999997	19.0	49.200000000000045	15.200000000000045	63.60000000000002	53.80000000000001	-71.60000000000002	42.60000000000002	77.80000000000001	-42.8	
-4.0	-5.399999999999977	11.800000000000011	-2.1999999999999886	0.5999999999999943	2.4	-3.8000000000000114	1.5999999999999943	0.4	-2.8000000000000114	2.0	2.0	-6.0	3.4000000000000057	2.5999999999999943	-4.199999999999989	-1.0	4.800000000000011	-9.800000000000011	0.0	7.0	-9.199999999999989	-3.0	6.600000000000023	-13.399999999999977	3.0	17.19999999999999	-10.0	-4.600000000000023	16.0	
5.2000000000000455	1.3999999999999773	-0.19999999999998863	2.1999999999999886	-0.7999999999999972	-0.3999999999999999	2.1999999999999886	-1.5999999999999943	-1.4	2.8000000000000114	-3.5999999999999943	2.0	6.599999999999994	-1.2000000000000028	-3.1999999999999886	4.0	-0.19999999999998863	1.6000000000000227	9.600000000000023	0.0	-6.400000000000006	3.8000000000000114	1.7999999999999545	0.6000000000000227	6.399999999999977	1.8000000000000114	-13.0	6.199999999999989	2.8000000000000114	-7.800000000000001	
26.600000000000023	-5.399999999999977	8.800000000000011	12.0	0.0	-0.19999999999999996	14.800000000000011	2.1999999999999886	0.6	17.600000000000023	3.1999999999999886	14.0	11.0	-2.4000000000000057	21.19999999999999	18.600000000000023	1.3999999999999773	13.600000000000023	11.0	-6.0	28.200000000000003	22.600000000000023	-2.3999999999999773	8.799999999999955	18.600000000000023	-11.199999999999989	28.599999999999994	22.80000000000001	-10.600000000000023	17.799999999999997	
-37.0	-24.80000000000001	97.60000000000002	-25.400000000000006	20.400000000000006	0.7999999999999998	-38.19999999999999	17.19999999999999	-0.8	-34.39999999999998	5.0	22.600000000000023	-50.80000000000001	36.400000000000006	19.399999999999977	-49.0	0.0	38.0	-57.60000000000002	43.0	51.400000000000006	-52.60000000000002	-12.399999999999977	67.0	-59.0	49.400000000000006	90.0	-53.39999999999998	9.600000000000023	110.2	

1.3999999999999773	-9.399999999999977	-14.399999999999977	-0.19999999999998863	-4.599999999999994	-3.0	-2.8000000000000114	-6.199999999999989	-1.4	-1.0	-5.0	-7.0	-3.8000000000000114	-5.0	-6.800000000000011	-1.1999999999999886	-4.0	-7.399999999999977	-7.400000000000006	-7.199999999999989	-5.400000000000006	0.0	-6.7999999999999545	-9.799999999999955	-5.600000000000023	-7.0	-3.8000000000000114	-3.3999999999999773	-8.399999999999977	-6.200000000000003	
11.0	0.0	12.600000000000023	2.8000000000000114	1.2000000000000028	3.2	2.5999999999999943	0.5999999999999943	0.0	2.6000000000000227	-0.8000000000000114	9.199999999999989	5.400000000000006	2.4000000000000057	10.0	5.599999999999994	-1.3999999999999773	10.800000000000011	7.800000000000011	3.0	9.799999999999997	9.0	-1.3999999999999773	12.399999999999977	14.0	4.400000000000006	10.800000000000011	12.600000000000023	0.39999999999997726	12.0	
3.3999999999999773	-2.7999999999999545	16.600000000000023	-0.19999999999998863	2.799999999999997	-3.4000000000000004	0.0	2.4000000000000057	0.4	-1.0	-0.4000000000000057	8.600000000000023	0.4000000000000057	4.0	6.399999999999977	-2.4000000000000057	-1.8000000000000114	10.199999999999989	3.1999999999999886	4.800000000000011	8.799999999999997	1.0	-1.7999999999999545	13.0	3.6000000000000227	9.0	8.399999999999977	6.0	3.1999999999999886	13.4	
13.800000000000011	-3.6000000000000227	-7.600000000000023	1.1999999999999886	-0.20000000000000284	1.0	8.400000000000006	-2.1999999999999886	-2.0	8.199999999999989	0.8000000000000114	4.0	4.800000000000011	-7.0	8.199999999999989	8.800000000000011	-2.1999999999999886	2.8000000000000114	7.800000000000011	-13.800000000000011	7.199999999999989	11.0	-2.0	-0.20000000000004547	8.800000000000011	-9.400000000000006	9.0	11.399999999999977	-8.800000000000011	0.5999999999999996	
-57.39999999999998	-39.39999999999998	149.60000000000002	-31.400000000000006	35.2	0.3999999999999999	-52.19999999999999	28.400000000000006	0.2	-52.0	6.0	43.60000000000002	-62.19999999999999	64.4	34.80000000000001	-67.80000000000001	-1.0	65.80000000000001	-73.0	79.0	69.6	-76.60000000000002	-15.799999999999955	104.39999999999998	-87.60000000000002	102.60000000000002	130.8	-82.60000000000002	27.19999999999999	169.0	

-17.19999999999999	-8.200000000000045	-13.599999999999994	-3.0	-4.599999999999994	-2.8	-5.800000000000011	-6.800000000000011	0.0	-4.600000000000023	-3.0	-11.0	-10.799999999999997	-7.599999999999994	-13.0	-7.199999999999989	-5.199999999999989	-12.800000000000011	-16.799999999999997	-8.800000000000011	-15.599999999999994	-12.599999999999994	-6.2000000000000455	-15.200000000000045	-28.19999999999999	-14.800000000000011	-8.600000000000023	-24.19999999999999	-11.800000000000011	-12.599999999999994	
-13.399999999999977	-10.799999999999955	9.0	-4.599999999999994	-0.20000000000000284	0.3999999999999999	-5.0	-0.8000000000000114	0.6	-4.399999999999977	-4.0	0.0	-10.400000000000006	-2.4000000000000057	2.8000000000000114	-6.599999999999994	-4.800000000000011	-0.19999999999998863	-11.799999999999997	2.5999999999999943	4.599999999999994	-10.0	-6.0	2.3999999999999773	-17.599999999999994	-1.5999999999999943	14.199999999999989	-16.600000000000023	-8.0	11.200000000000003	
-13.0	-4.7999999999999545	11.600000000000023	-5.199999999999989	-2.4000000000000057	2.2	-8.400000000000006	-0.8000000000000114	-1.0	-8.0	-2.8000000000000114	-0.19999999999998863	-6.0	1.7999999999999972	1.1999999999999886	-8.599999999999994	-3.1999999999999886	1.1999999999999886	-10.599999999999994	5.0	0.7999999999999972	-12.0	-3.2000000000000455	3.7999999999999545	-10.400000000000006	6.400000000000006	7.399999999999977	-13.199999999999989	1.8000000000000114	8.399999999999999	
-5.199999999999989	-25.799999999999955	7.199999999999989	-2.8000000000000114	-3.200000000000003	-1.2000000000000002	0.8000000000000114	-3.8000000000000114	-0.6	5.199999999999989	-0.8000000000000114	3.6000000000000227	-12.199999999999989	-5.799999999999997	9.199999999999989	1.8000000000000114	-5.600000000000023	3.3999999999999773	-21.0	-11.0	19.0	-4.0	-13.799999999999955	3.2000000000000455	-28.400000000000006	-18.80000000000001	40.39999999999998	-17.19999999999999	-28.80000000000001	23.4	
-118.60000000000002	-75.60000000000002	143.0	-37.19999999999999	29.799999999999997	-2.0	-59.0	19.599999999999994	1.4	-58.19999999999999	0.4000000000000057	18.0	-81.6	58.599999999999994	5.800000000000011	-86.39999999999998	-9.600000000000023	37.60000000000002	-116.80000000000001	81.60000000000002	46.400000000000006	-112.0	-32.799999999999955	81.0	-173.60000000000002	105.80000000000001	129.0	-159.0	5.600000000000023	175.4	

-2.7999999999999545	3.3999999999999773	-8.800000000000011	5.400000000000006	9.199999999999989	2.8	5.400000000000006	7.0	-0.2	3.1999999999999886	-0.19999999999998863	8.0	-1.1999999999999886	7.199999999999989	-16.4	-0.39999999999997726	0.0	-0.8000000000000007	-6.0	0.6000000000000014	-17.799999999999997	-2.6000000000000227	0.6000000000000227	-7.0	-11.399999999999977	0.7999999999999972	-19.6	-7.0	1.8000000000000114	-13.0	
-11.799999999999955	2.6000000000000227	-22.80000000000001	3.0	-13.0	0.20000000000000018	6.0	-6.0	-0.4	6.400000000000006	7.0	-32.19999999999999	-5.600000000000023	-13.0	-31.799999999999997	-5.199999999999989	7.800000000000011	-34.4	-8.799999999999955	-9.799999999999997	-27.799999999999997	-14.199999999999989	7.800000000000011	-31.399999999999977	-17.200000000000045	-9.600000000000001	-24.0	-18.600000000000023	-1.5999999999999943	-25.200000000000003	
-21.399999999999977	9.0	-12.199999999999989	-15.0	-0.5999999999999943	-1.4000000000000004	-20.0	9.599999999999994	0.0	-15.800000000000011	14.199999999999989	-27.80000000000001	-26.0	-1.8000000000000114	-33.2	-21.600000000000023	13.0	-20.4	-24.399999999999977	0.6000000000000014	-17.0	-21.600000000000023	9.199999999999989	-11.800000000000011	-24.600000000000023	0.6000000000000014	-14.399999999999999	-23.0	2.8000000000000114	-9.800000000000011	
49.0	8.0	47.80000000000001	31.0	27.799999999999997	1.2000000000000002	33.599999999999994	28.200000000000003	-1.4	29.400000000000006	8.800000000000011	65.2	33.0	37.0	38.4	35.80000000000001	8.199999999999989	71.2	32.39999999999998	30.4	44.599999999999994	43.19999999999999	7.800000000000011	63.60000000000002	44.0	29.0	37.6	44.200000000000045	20.599999999999994	48.80000000000001	
10.0	-6.399999999999977	32.60000000000002	-5.400000000000006	-4.0	1.2000000000000002	-12.199999999999989	10.799999999999997	2.0	-11.399999999999977	11.800000000000011	-6.400000000000006	-21.0	-1.0	-9.8	-15.800000000000011	6.600000000000023	13.8	-13.0	0.1999999999999993	12.799999999999997	-5.7999999999999545	1.8000000000000114	29.80000000000001	-3.2000000000000455	0.6000000000000014	27.8	0.39999999999997726	1.0	34.19999999999999	

-33.39999999999998	3.6000000000000227	-13.600000000000023	-34.19999999999999	-0.20000000000000284	3.4	-38.39999999999998	6.599999999999994	0.0	-40.19999999999999	8.400000000000006	-32.0	-40.0	0.8000000000000114	-38.599999999999994	-39.0	6.800000000000011	-27.799999999999997	-36.200000000000045	0.6000000000000014	-32.19999999999999	-38.0	7.199999999999989	-21.600000000000023	-40.799999999999955	-1.0	-23.4	-38.39999999999998	3.5999999999999943	-18.80000000000001	
-16.799999999999955	1.6000000000000227	-5.399999999999977	-8.800000000000011	-8.400000000000006	-3.5999999999999996	-12.0	-3.4000000000000057	-0.4	-9.199999999999989	4.599999999999994	-26.0	-16.0	-8.199999999999989	-15.600000000000001	-15.199999999999989	3.3999999999999773	-19.400000000000006	-17.600000000000023	-3.5999999999999996	-10.0	-16.19999999999999	2.1999999999999886	-12.600000000000023	-14.0	-4.200000000000003	-2.0	-13.399999999999977	-3.1999999999999886	-3.1999999999999886	
-4.2000000000000455	3.8000000000000114	-5.600000000000023	2.1999999999999886	-0.5999999999999943	-1.2000000000000002	4.399999999999977	0.5999999999999943	1.2	5.600000000000023	3.4000000000000057	-5.799999999999997	1.8000000000000114	-0.8000000000000114	-13.400000000000006	0.6000000000000227	5.199999999999989	-7.200000000000003	-1.6000000000000227	-5.4	-6.599999999999994	-1.0	3.6000000000000227	-8.0	-4.399999999999977	-0.7999999999999972	-9.0	-3.6000000000000227	0.5999999999999943	-6.800000000000011	
-8.600000000000023	6.800000000000011	34.0	-18.80000000000001	-1.4000000000000057	1.7999999999999998	-28.399999999999977	18.799999999999997	0.8	-22.80000000000001	30.19999999999999	-28.599999999999994	-34.0	3.799999999999997	-5.400000000000006	-29.399999999999977	22.600000000000023	0.20000000000000284	-22.200000000000045	10.2	23.599999999999994	-23.0	14.399999999999977	27.0	-10.600000000000023	11.0	41.4	-8.799999999999955	11.0	43.400000000000006	
3.0	0.0	40.0	-8.0	5.400000000000006	2.2	-16.0	15.0	1.0	-13.199999999999989	12.400000000000006	6.200000000000003	-16.80000000000001	10.0	0.7999999999999972	-14.800000000000011	8.399999999999977	21.799999999999997	-16.600000000000023	6.2	18.599999999999994	-6.600000000000023	4.0	34.39999999999998	-0.39999999999997726	6.399999999999999	29.4	0.6000000000000227	7.0	35.0	

-47.200000000000045	1.1999999999999886	-24.600000000000023	-22.80000000000001	-17.599999999999994	2.5999999999999996	-28.19999999999999	-9.0	1.0	-27.0	2.8000000000000114	-63.0	-39.80000000000001	-21.599999999999994	-47.599999999999994	-37.60000000000002	6.0	-58.400000000000006	-36.0	-16.0	-37.400000000000006	-47.39999999999998	5.199999999999989	-42.799999999999955	-47.39999999999998	-13.200000000000003	-18.6	-48.0	-7.599999999999994	-25.0	
-36.200000000000045	-2.0	2.3999999999999773	-19.80000000000001	-11.400000000000006	-2.2	-26.19999999999999	-6.0	0.0	-24.0	7.0	-48.400000000000006	-36.60000000000002	-13.800000000000011	-26.799999999999997	-37.0	4.399999999999977	-35.8	-37.60000000000002	-14.6	-7.199999999999989	-39.799999999999955	1.6000000000000227	-16.200000000000045	-33.200000000000045	-8.600000000000001	7.4	-35.60000000000002	-5.199999999999989	4.599999999999994	
-19.200000000000045	0.19999999999998863	-2.6000000000000227	-9.600000000000023	-8.400000000000006	-1.2000000000000002	-13.399999999999977	-1.4000000000000057	0.4	-12.0	2.8000000000000114	-19.4	-18.19999999999999	-6.800000000000011	-18.599999999999994	-17.600000000000023	1.8000000000000114	-15.599999999999994	-17.399999999999977	-2.4000000000000004	-6.400000000000006	-18.0	-1.0	-8.0	-19.200000000000045	-6.799999999999997	-2.4000000000000004	-20.200000000000045	-3.8000000000000114	-5.0	
4.2000000000000455	10.399999999999977	18.19999999999999	13.600000000000023	-8.400000000000006	-2.8	15.199999999999989	6.200000000000003	0.8	17.600000000000023	18.400000000000006	-22.200000000000003	1.3999999999999773	-6.199999999999989	-11.200000000000003	2.6000000000000227	18.600000000000023	-9.599999999999994	-3.7999999999999545	-2.4000000000000004	5.800000000000011	-0.19999999999998863	13.199999999999989	6.7999999999999545	3.2000000000000455	1.2000000000000028	22.6	1.7999999999999545	6.0	19.400000000000006	
-1.6000000000000227	6.800000000000011	32.0	-8.600000000000023	9.0	-2.2	-10.600000000000023	24.400000000000006	-2.0	-12.0	23.599999999999994	5.600000000000001	-17.19999999999999	14.799999999999997	-16.799999999999997	-13.199999999999989	21.600000000000023	20.0	-13.799999999999955	12.8	0.5999999999999943	-10.399999999999977	14.199999999999989	31.200000000000045	-8.799999999999955	14.799999999999997	15.600000000000001	-5.399999999999977	15.0	25.80000000000001	

-20.200000000000045	3.0	-53.80000000000001	16.19999999999999	-22.0	-1.0	22.599999999999994	-15.0	0.0	22.599999999999994	0.4000000000000057	-38.6	11.600000000000023	-28.19999999999999	-41.19999999999999	13.199999999999989	3.1999999999999886	-54.0	-1.3999999999999773	-28.6	-51.0	-5.199999999999989	5.600000000000023	-58.39999999999998	-18.799999999999955	-25.200000000000003	-44.0	-19.799999999999955	-13.599999999999994	-54.8	
-60.0	6.399999999999977	-34.19999999999999	-14.0	-22.799999999999997	1.4	-16.19999999999999	-8.0	-0.2	-15.399999999999977	11.599999999999994	-74.4	-35.19999999999999	-25.19999999999999	-63.0	-36.19999999999999	13.199999999999989	-72.8	-48.39999999999998	-16.4	-50.599999999999994	-54.39999999999998	9.600000000000023	-57.19999999999999	-60.799999999999955	-19.0	-25.4	-61.0	-5.0	-33.400000000000006	
-13.0	3.3999999999999773	-13.800000000000011	3.8000000000000114	-5.200000000000003	1.2000000000000002	2.5999999999999943	-2.4000000000000057	-0.6	1.6000000000000227	3.0	-19.4	-2.0	-9.0	-19.400000000000006	-2.0	5.0	-19.599999999999994	-4.600000000000023	-6.800000000000001	-23.80000000000001	-9.600000000000023	4.0	-16.600000000000023	-13.200000000000045	-5.400000000000006	-10.799999999999997	-14.200000000000045	-1.5999999999999943	-13.400000000000006	
7.399999999999977	3.8000000000000114	7.600000000000023	15.400000000000006	-1.0	-0.20000000000000018	19.80000000000001	3.200000000000003	-0.19999999999999996	19.0	8.199999999999989	-0.5999999999999943	12.600000000000023	-1.2000000000000028	1.5999999999999943	12.0	7.600000000000023	1.0	7.0	2.1999999999999993	5.199999999999989	8.800000000000011	7.199999999999989	5.399999999999977	9.799999999999955	4.399999999999999	10.8	8.0	4.0	9.800000000000011	
3.3999999999999773	4.800000000000011	26.0	3.5999999999999943	-2.0	-0.40000000000000036	4.0	9.400000000000006	1.0	-2.3999999999999773	9.0	3.5999999999999943	-2.1999999999999886	4.400000000000006	-7.400000000000006	-4.600000000000023	9.800000000000011	11.400000000000006	-6.0	4.4	2.8000000000000114	-4.0	7.0	19.600000000000023	-3.2000000000000455	6.0	9.4	-1.2000000000000455	7.200000000000003	19.80000000000001	

0.0	5.199999999999989	-54.19999999999999	15.400000000000006	-12.400000000000006	-1.2000000000000002	22.599999999999994	-11.200000000000003	0.4	19.400000000000006	-5.199999999999989	-16.799999999999997	21.19999999999999	-21.0	-25.19999999999999	21.400000000000006	-0.6000000000000227	-32.599999999999994	10.399999999999977	-26.6	-45.19999999999999	12.800000000000011	1.3999999999999773	-48.39999999999998	-3.7999999999999545	-27.0	-48.599999999999994	-3.0	-14.200000000000003	-59.4	
-8.799999999999955	10.399999999999977	-79.0	32.0	-20.400000000000006	-3.0	49.599999999999994	-14.200000000000003	1.4	47.599999999999994	4.0	-42.0	33.19999999999999	-35.599999999999994	-42.599999999999994	40.0	6.600000000000023	-65.19999999999999	14.600000000000023	-37.8	-53.400000000000006	16.600000000000023	9.800000000000011	-78.80000000000001	-6.2000000000000455	-41.0	-54.599999999999994	-8.200000000000045	-19.799999999999997	-77.6	
-5.2000000000000455	5.399999999999977	-29.400000000000006	12.199999999999989	-9.0	-0.3999999999999999	17.80000000000001	-4.200000000000003	0.8	15.0	2.8000000000000114	-14.799999999999997	12.399999999999977	-15.400000000000006	-21.80000000000001	12.800000000000011	5.0	-25.400000000000006	5.399999999999977	-13.0	-30.400000000000006	5.600000000000023	5.199999999999989	-28.0	-5.399999999999977	-16.200000000000003	-27.4	-5.7999999999999545	-7.0	-32.400000000000006	
25.399999999999977	5.199999999999989	19.80000000000001	30.80000000000001	-1.2000000000000028	1.2000000000000002	40.599999999999994	4.0	0.4	40.400000000000006	8.599999999999994	7.0	29.19999999999999	-2.200000000000003	13.600000000000023	31.599999999999994	8.800000000000011	6.400000000000006	24.600000000000023	-2.0	13.199999999999989	25.600000000000023	5.800000000000011	10.399999999999977	27.200000000000045	2.5999999999999943	26.6	23.399999999999977	0.4000000000000057	21.80000000000001	
44.39999999999998	8.600000000000023	41.0	22.400000000000006	10.0	1.4	27.80000000000001	12.400000000000006	-1.4	22.400000000000006	6.199999999999989	47.400000000000006	33.19999999999999	15.400000000000006	25.0	28.80000000000001	8.199999999999989	50.400000000000006	32.19999999999999	18.0	21.0	36.80000000000001	8.199999999999989	47.799999999999955	43.0	16.400000000000006	12.4	42.39999999999998	15.400000000000006	28.0	

2.0	-10.399999999999977	-6.599999999999994	-4.0	-4.600000000000001	0.3999999999999999	-1.0	-7.799999999999997	0.8	-0.5999999999999943	-7.0	-2.1999999999999886	-2.8000000000000114	-8.599999999999994	2.3999999999999773	1.5999999999999943	-8.199999999999989	-5.0	1.8000000000000114	-10.799999999999997	3.4000000000000057	0.4000000000000057	-8.600000000000023	-4.800000000000011	2.0	-8.400000000000006	0.0	0.39999999999997726	-11.0	-4.8	
30.799999999999955	11.0	-65.2	28.0	-9.0	0.3999999999999999	42.400000000000006	-7.599999999999994	1.0	43.80000000000001	2.1999999999999886	-2.5999999999999943	42.19999999999999	-16.599999999999994	-8.0	51.400000000000006	3.0	-21.0	38.19999999999999	-23.799999999999997	-30.599999999999994	48.80000000000001	6.399999999999977	-47.39999999999998	30.200000000000045	-31.19999999999999	-44.0	30.399999999999977	-16.400000000000006	-64.0	
-3.2000000000000455	2.8000000000000114	-4.400000000000006	2.5999999999999943	-2.0	-0.8	2.5999999999999943	-1.5999999999999943	1.4	1.5999999999999943	0.8000000000000114	-0.8000000000000114	2.6000000000000227	-3.799999999999997	-6.199999999999989	0.4000000000000057	1.3999999999999773	-2.0	1.3999999999999773	-4.799999999999997	-9.599999999999994	0.8000000000000114	2.8000000000000114	-3.8000000000000114	-1.3999999999999773	-1.2000000000000028	-8.599999999999994	-1.7999999999999545	0.20000000000000284	-9.6	
15.799999999999955	5.399999999999977	40.80000000000001	18.19999999999999	8.200000000000003	0.0	24.19999999999999	10.0	1.0	24.0	11.599999999999994	12.199999999999989	18.0	10.400000000000006	18.80000000000001	15.0	12.800000000000011	17.19999999999999	9.399999999999977	10.8	25.80000000000001	13.199999999999989	7.199999999999989	24.799999999999955	18.799999999999955	17.799999999999997	37.6	13.799999999999955	11.799999999999997	41.400000000000006	
9.399999999999977	26.399999999999977	48.400000000000006	10.0	16.799999999999997	-0.7999999999999998	3.0	24.599999999999994	0.0	-5.0	20.80000000000001	23.0	7.0	25.599999999999994	-4.600000000000023	-4.599999999999994	24.0	33.0	1.1999999999999886	30.2	-7.0	-1.3999999999999773	28.19999999999999	41.200000000000045	7.600000000000023	34.2	-2.5999999999999943	6.600000000000023	36.19999999999999	22.400000000000006	

-0.20000000000004547	14.600000000000023	-2.5999999999999943	-0.4000000000000057	9.399999999999999	1.2	-2.4000000000000057	11.200000000000003	0.6	-3.4000000000000057	7.400000000000006	0.5999999999999943	4.199999999999989	8.0	-6.0	-0.8000000000000114	9.800000000000011	0.5999999999999943	5.0	8.0	-10.200000000000003	1.0	12.199999999999989	-4.600000000000023	4.399999999999977	8.200000000000003	-14.0	4.7999999999999545	12.400000000000006	-13.200000000000003	
42.60000000000002	17.600000000000023	-45.4	16.19999999999999	-4.200000000000003	-2.2	27.400000000000006	-2.4000000000000057	-1.2	27.599999999999994	2.0	1.0	34.599999999999994	-9.799999999999997	-1.8000000000000114	38.80000000000001	3.3999999999999773	-7.0	33.400000000000006	-17.799999999999997	-17.0	46.599999999999994	5.800000000000011	-30.0	39.0	-23.599999999999994	-35.0	38.80000000000001	-10.800000000000011	-52.599999999999994	
2.7999999999999545	13.800000000000011	-15.799999999999997	2.5999999999999943	-4.0	2.0	5.400000000000006	2.200000000000003	1.2	1.8000000000000114	3.5999999999999943	-3.1999999999999886	7.400000000000006	-0.5999999999999943	-12.199999999999989	4.400000000000006	8.399999999999977	-6.800000000000011	8.0	-3.8000000000000007	-22.400000000000006	3.5999999999999943	10.0	-9.600000000000023	-0.20000000000004547	-3.799999999999997	-28.400000000000006	1.0	5.0	-24.6	
41.799999999999955	-2.1999999999999886	26.400000000000006	21.19999999999999	5.600000000000001	-0.19999999999999996	28.19999999999999	7.200000000000003	1.2	31.400000000000006	6.199999999999989	20.19999999999999	25.0	6.400000000000006	28.600000000000023	29.80000000000001	2.6000000000000227	21.80000000000001	26.0	8.8	41.80000000000001	30.80000000000001	-2.1999999999999886	24.399999999999977	39.39999999999998	9.200000000000003	41.599999999999994	36.19999999999999	-1.1999999999999886	40.2	
-35.799999999999955	39.19999999999999	77.80000000000001	-1.1999999999999886	18.8	-2.2	-16.19999999999999	31.0	-0.4	-26.80000000000001	27.599999999999994	9.800000000000011	-18.400000000000006	35.4	-25.80000000000001	-42.0	36.80000000000001	25.600000000000023	-27.80000000000001	43.6	-14.199999999999989	-49.60000000000002	39.80000000000001	51.0	-42.799999999999955	55.2	8.799999999999997	-46.39999999999998	59.0	47.4	

-7.600000000000023	-15.199999999999989	8.800000000000011	-27.799999999999997	4.799999999999997	0.6000000000000001	-36.599999999999994	-2.799999999999997	0.4	-33.8	-8.199999999999989	-5.800000000000011	-29.799999999999997	4.800000000000011	1.1999999999999886	-29.8	-10.800000000000011	0.5999999999999943	-25.400000000000006	8.0	13.400000000000006	-22.4	-12.0	10.800000000000011	-11.600000000000023	6.800000000000011	8.600000000000023	-10.199999999999989	-3.4000000000000057	15.800000000000011	
25.600000000000023	34.0	-13.0	3.4000000000000057	6.0	-0.20000000000000018	-5.799999999999997	10.200000000000003	1.8	-12.199999999999989	7.400000000000006	10.800000000000011	11.799999999999997	11.200000000000003	-10.199999999999989	-5.800000000000001	15.800000000000011	15.599999999999994	23.400000000000006	8.799999999999997	-27.4	9.0	25.19999999999999	13.0	30.19999999999999	9.0	-52.80000000000001	29.80000000000001	33.0	-34.60000000000002	
14.0	16.80000000000001	7.200000000000003	2.200000000000003	2.200000000000003	0.3999999999999999	2.0	5.599999999999994	-1.6	-1.0	4.0	7.0	11.0	5.799999999999997	-1.8000000000000114	0.7999999999999972	6.199999999999989	8.0	9.400000000000006	5.399999999999999	-7.0	6.399999999999999	10.800000000000011	9.199999999999989	15.0	5.800000000000011	-19.0	15.600000000000023	15.0	-8.0	
38.19999999999999	-11.199999999999989	24.6	16.0	4.0	1.6	20.200000000000003	4.799999999999997	1.4	21.599999999999994	3.0	23.80000000000001	21.799999999999997	5.599999999999994	27.0	23.6	0.39999999999997726	25.80000000000001	19.0	5.0	28.799999999999997	27.799999999999997	-2.1999999999999886	25.0	33.60000000000002	2.4000000000000057	27.80000000000001	33.80000000000001	-1.4000000000000057	28.599999999999994	
21.0	23.200000000000045	82.2	17.200000000000003	14.2	-1.6	11.200000000000003	20.0	0.6	-1.5999999999999943	12.800000000000011	36.19999999999999	27.400000000000006	27.0	-1.1999999999999886	-2.4000000000000057	20.600000000000023	46.19999999999999	28.400000000000006	37.8	-13.0	2.5999999999999943	26.600000000000023	62.60000000000002	34.0	51.599999999999994	-21.19999999999999	25.19999999999999	60.0	35.0	

-53.80000000000001	0.0	26.0	-17.400000000000006	4.800000000000001	1.0	-22.0	3.4000000000000057	0.6	-20.200000000000003	0.4000000000000057	-10.0	-24.4	10.0	-11.199999999999989	-32.4	-1.3999999999999773	-6.0	-28.2	17.200000000000003	-3.4000000000000057	-45.400000000000006	0.0	5.199999999999989	-39.19999999999999	30.80000000000001	-2.6000000000000227	-51.400000000000006	23.799999999999997	17.799999999999955	
-45.19999999999999	17.600000000000023	18.80000000000001	-13.400000000000006	4.600000000000001	-3.4	-18.0	4.799999999999997	0.2	-22.0	1.5999999999999943	-6.0	-15.799999999999997	11.599999999999994	-13.0	-29.4	5.0	-4.599999999999994	-14.2	16.80000000000001	-16.799999999999997	-38.0	10.399999999999977	4.599999999999994	-19.400000000000006	26.19999999999999	-24.399999999999977	-30.599999999999994	33.0	-5.399999999999977	
-50.80000000000001	27.0	61.19999999999999	-18.0	8.0	-1.0	-28.200000000000003	10.800000000000011	-1.0	-32.599999999999994	4.599999999999994	-7.599999999999994	-20.200000000000003	22.799999999999997	-12.800000000000011	-43.8	9.399999999999977	2.5999999999999943	-16.4	34.400000000000006	-13.799999999999997	-53.2	15.399999999999977	25.80000000000001	-12.0	52.60000000000002	-20.0	-36.2	59.0	26.200000000000045	
-29.400000000000006	-17.200000000000045	68.0	-8.400000000000006	13.8	-1.0	-9.200000000000003	11.800000000000011	0.4	-8.400000000000006	6.599999999999994	13.400000000000006	-16.200000000000003	22.599999999999994	21.400000000000006	-18.8	2.0	20.400000000000006	-18.2	34.2	41.0	-28.400000000000006	-7.600000000000023	40.0	-22.80000000000001	50.0	65.79999999999995	-35.0	16.80000000000001	80.20000000000005	
-119.19999999999999	-22.399999999999977	215.0	5.0	8.399999999999999	-2.2	-12.400000000000006	10.400000000000006	-0.6	-20.80000000000001	0.19999999999998863	27.599999999999994	-13.599999999999994	27.200000000000003	3.1999999999999886	-55.0	3.3999999999999773	45.80000000000001	-40.6	56.2	14.0	-102.4	2.0	99.39999999999998	-64.0	113.80000000000001	48.60000000000002	-119.4	97.80000000000001	158.0	

-47.60000000000002	1.4000000000000057	-73.0	-11.0	2.0	3.4	-4.600000000000023	5.0	-0.8	1.6000000000000227	1.2000000000000028	-25.599999999999994	-19.0	-5.600000000000023	-54.19999999999999	-7.800000000000011	1.5999999999999943	-59.8	-30.80000000000001	-13.400000000000006	-68.60000000000002	-28.200000000000045	0.19999999999998863	-72.0	-47.200000000000045	-13.799999999999997	-68.0	-46.200000000000045	-7.800000000000001	-72.80000000000001	
-34.0	8.599999999999994	-75.0	-4.599999999999994	3.0	-1.6	5.800000000000011	8.200000000000003	1.2	9.800000000000011	9.799999999999997	-23.19999999999999	-9.800000000000011	-5.199999999999989	-59.19999999999999	4.0	9.400000000000006	-56.599999999999994	-20.799999999999955	-11.400000000000006	-76.0	-15.600000000000023	8.399999999999977	-74.0	-40.60000000000002	-13.400000000000006	-74.0	-37.60000000000002	-4.399999999999999	-77.80000000000001	
-16.200000000000045	1.0	-25.80000000000001	-7.399999999999977	-3.5999999999999943	-0.6	-8.399999999999977	-0.7999999999999972	-1.2	-4.600000000000023	3.200000000000003	-20.599999999999994	-8.600000000000023	-5.0	-18.80000000000001	-7.800000000000011	3.8000000000000114	-21.599999999999994	-9.399999999999977	-6.400000000000006	-20.400000000000006	-11.399999999999977	0.8000000000000114	-19.600000000000023	-14.399999999999977	-5.599999999999994	-14.799999999999997	-14.200000000000045	-2.799999999999997	-15.199999999999989	
-21.799999999999955	29.80000000000001	46.60000000000002	-36.60000000000002	-9.199999999999989	-1.2	-59.80000000000001	19.400000000000006	-0.4	-61.80000000000001	47.0	-66.39999999999998	-55.799999999999955	4.199999999999989	-30.80000000000001	-64.39999999999998	45.599999999999994	-16.200000000000003	-37.60000000000002	12.0	4.599999999999994	-45.60000000000002	37.80000000000001	24.600000000000023	-26.600000000000023	21.400000000000006	27.400000000000006	-26.399999999999977	28.0	35.599999999999994	
14.399999999999977	-2.5999999999999943	48.0	2.0	-9.400000000000006	-2.8	-9.800000000000011	-0.4000000000000057	-0.2	-13.800000000000011	3.799999999999997	5.599999999999994	-7.600000000000023	-2.1999999999999886	13.800000000000011	-12.600000000000023	2.8000000000000114	31.0	1.6000000000000227	4.0	32.19999999999999	3.3999999999999773	-0.39999999999997726	53.19999999999999	12.399999999999977	6.400000000000006	37.599999999999994	14.0	5.0	47.599999999999994	

-27.600000000000023	-4.599999999999994	-44.400000000000006	-5.800000000000011	-3.1999999999999886	-2.2	-6.199999999999989	-6.0	-1.2	-3.3999999999999773	-3.799999999999997	-28.400000000000006	-12.0	-11.400000000000006	-32.599999999999994	-6.800000000000011	-4.599999999999994	-39.4	-13.200000000000045	-11.400000000000006	-35.599999999999994	-14.799999999999955	-3.1999999999999886	-45.0	-25.799999999999955	-15.800000000000011	-35.0	-24.0	-9.6	-41.599999999999994	
-17.399999999999977	8.599999999999994	-0.19999999999998863	-2.1999999999999886	-7.599999999999994	0.0	-9.800000000000011	2.799999999999997	0.8	-9.600000000000023	12.599999999999994	-28.599999999999994	-16.0	-5.599999999999994	-27.400000000000006	-18.399999999999977	12.800000000000011	-23.6	-23.200000000000045	-5.799999999999997	-16.600000000000023	-20.399999999999977	11.0	-10.600000000000023	-21.399999999999977	-0.5999999999999943	-11.799999999999997	-20.0	4.199999999999999	-8.599999999999994	
-11.200000000000045	7.599999999999994	-20.0	2.3999999999999773	-4.199999999999989	3.2	5.600000000000023	6.400000000000006	0.2	3.6000000000000227	14.400000000000006	-19.19999999999999	-3.0	-3.8000000000000114	-31.80000000000001	0.8000000000000114	14.199999999999989	-23.8	-10.600000000000023	-3.5999999999999943	-33.400000000000006	-8.200000000000045	12.800000000000011	-25.600000000000023	-16.600000000000023	-4.400000000000006	-27.6	-14.799999999999955	3.3999999999999986	-27.400000000000006	
-19.600000000000023	20.0	0.5999999999999943	5.0	-12.599999999999994	0.4	3.6000000000000227	4.200000000000003	0.8	-1.0	25.0	-53.80000000000001	-12.800000000000011	-10.599999999999994	-34.599999999999994	-15.800000000000011	25.599999999999994	-42.2	-19.799999999999955	0.7999999999999972	-18.0	-27.0	25.399999999999977	-19.0	-19.0	2.200000000000003	-1.5999999999999943	-22.399999999999977	10.399999999999999	-1.0	
4.600000000000023	3.5999999999999943	49.60000000000002	-6.0	-8.400000000000006	0.6000000000000001	-15.399999999999977	-1.0	-0.4	-17.0	10.599999999999994	-2.4000000000000057	-11.199999999999989	-4.400000000000006	7.399999999999977	-21.0	8.400000000000006	24.0	-6.2000000000000455	0.4000000000000057	25.600000000000023	-11.399999999999977	8.599999999999994	44.39999999999998	0.6000000000000227	6.200000000000003	35.0	0.7999999999999545	6.600000000000001	46.0	

-56.39999999999998	-4.400000000000006	-42.39999999999998	-28.0	-16.0	0.2	-29.399999999999977	-14.200000000000003	2.8	-28.399999999999977	-2.4000000000000057	-62.0	-41.0	-19.400000000000006	-46.80000000000001	-40.19999999999999	-4.0	-66.6	-41.60000000000002	-18.200000000000003	-43.39999999999998	-50.200000000000045	-1.8000000000000114	-55.80000000000001	-54.0	-13.800000000000011	-31.19999999999999	-54.0	-10.4	-39.19999999999999	
-45.799999999999955	-1.4000000000000057	12.600000000000023	-32.80000000000001	-15.400000000000006	1.2	-41.39999999999998	-13.200000000000003	1.2	-40.60000000000002	0.5999999999999943	-55.19999999999999	-47.80000000000001	-12.599999999999994	-17.0	-54.19999999999999	-0.4000000000000057	-37.4	-39.799999999999955	-1.4000000000000057	2.3999999999999773	-57.60000000000002	-1.4000000000000057	-10.199999999999989	-39.39999999999998	0.0	15.199999999999989	-44.0	-0.3999999999999986	15.599999999999994	
-16.200000000000045	-3.4000000000000057	-3.1999999999999886	-14.399999999999977	-7.800000000000011	0.4	-13.800000000000011	-4.0	0.4	-15.0	-0.4000000000000057	-20.0	-18.0	-5.800000000000011	-14.199999999999989	-18.399999999999977	1.5999999999999943	-14.600000000000001	-17.600000000000023	-2.200000000000003	-5.0	-19.799999999999955	2.1999999999999886	-9.199999999999989	-15.399999999999977	-0.7999999999999972	-3.0	-16.200000000000045	-2.0	0.19999999999998863	
-28.0	12.0	-16.399999999999977	5.0	-23.19999999999999	0.0	8.399999999999977	-10.599999999999994	-2.2	7.0	14.200000000000003	-72.19999999999999	-11.0	-25.599999999999994	-41.80000000000001	-16.19999999999999	17.80000000000001	-66.4	-17.80000000000001	-16.599999999999994	-26.19999999999999	-28.799999999999955	14.599999999999994	-39.80000000000001	-21.200000000000045	-6.400000000000006	-9.0	-26.799999999999955	2.6000000000000014	-14.599999999999994	
3.7999999999999545	11.0	26.399999999999977	0.39999999999997726	-6.199999999999989	0.6	-3.8000000000000114	6.0	-1.4	-6.0	17.0	-10.0	-7.600000000000023	-3.0	-11.399999999999977	-11.399999999999977	18.400000000000006	3.0	-9.399999999999977	2.200000000000003	-1.8000000000000114	-8.399999999999977	16.599999999999994	16.200000000000045	-6.600000000000023	3.799999999999997	10.199999999999989	-4.2000000000000455	10.2	16.80000000000001	

-11.0	4.0	-71.6	21.599999999999994	-13.599999999999994	-1.0	35.400000000000006	-10.600000000000001	-0.4	35.19999999999999	2.200000000000003	-30.4	24.0	-24.400000000000006	-40.60000000000002	28.0	4.199999999999989	-54.8	9.0	-26.799999999999997	-58.80000000000001	10.600000000000023	4.800000000000011	-70.19999999999999	-9.600000000000023	-28.80000000000001	-55.599999999999994	-11.0	-16.4	-70.6	
-73.39999999999998	-0.19999999999998863	-19.0	-13.199999999999989	-33.400000000000006	-0.4	-15.399999999999977	-28.4	-2.2	-13.399999999999977	0.20000000000000284	-103.8	-41.60000000000002	-41.0	-53.0	-46.39999999999998	2.8000000000000114	-93.6	-54.0	-30.599999999999994	-31.399999999999977	-71.0	1.0	-60.60000000000002	-59.60000000000002	-17.400000000000006	-2.4000000000000057	-68.39999999999998	-12.4	-12.599999999999994	
-15.600000000000023	-9.599999999999994	-18.80000000000001	-0.5999999999999943	-12.599999999999994	-0.3999999999999999	1.8000000000000114	-18.200000000000003	-1.2	2.1999999999999886	-8.0	-26.2	-4.800000000000011	-20.599999999999994	-12.600000000000023	-7.199999999999989	-10.0	-29.0	-11.800000000000011	-15.599999999999994	-12.399999999999977	-13.399999999999977	-8.199999999999989	-25.80000000000001	-14.0	-16.599999999999994	-6.0	-15.799999999999955	-15.2	-15.0	
3.6000000000000227	14.800000000000011	-25.80000000000001	29.599999999999994	-3.4000000000000057	0.8	42.19999999999999	3.799999999999997	1.2	40.0	16.799999999999997	-12.8	31.399999999999977	-5.199999999999989	-19.19999999999999	30.399999999999977	17.19999999999999	-22.400000000000006	20.600000000000023	-3.0	-21.600000000000023	18.80000000000001	16.600000000000023	-20.80000000000001	13.600000000000023	-2.0	-17.200000000000003	11.799999999999955	5.600000000000001	-18.19999999999999	
2.3999999999999773	13.800000000000011	15.0	7.0	-7.199999999999989	0.19999999999999996	8.800000000000011	5.399999999999999	-1.2	4.0	15.0	-5.399999999999999	3.8000000000000114	-3.1999999999999886	-18.399999999999977	0.19999999999998863	18.80000000000001	-0.20000000000000284	-3.1999999999999886	0.5999999999999943	-15.800000000000011	-2.0	17.19999999999999	5.2000000000000455	-2.3999999999999773	1.2000000000000028	-5.199999999999989	-2.3999999999999773	10.399999999999999	-1.8000000000000114	

7.600000000000023	-10.599999999999994	-41.19999999999999	14.0	-5.199999999999989	3.4	22.400000000000006	-11.0	-1.0	23.599999999999994	-8.0	-10.200000000000003	15.800000000000011	-12.800000000000011	-1.8000000000000114	23.600000000000023	-10.400000000000006	-19.599999999999994	16.600000000000023	-14.599999999999994	-12.199999999999989	17.80000000000001	-11.400000000000006	-32.80000000000001	9.799999999999955	-17.400000000000006	-13.200000000000003	9.600000000000023	-17.0	-27.0	
-4.399999999999977	-12.199999999999989	-89.4	43.80000000000001	-24.400000000000006	-2.4	68.0	-27.400000000000006	0.8	74.19999999999999	-6.600000000000001	-49.2	46.0	-46.599999999999994	-27.600000000000023	60.19999999999999	-7.599999999999994	-79.4	22.0	-47.19999999999999	-46.39999999999998	30.0	-10.199999999999989	-101.0	7.600000000000023	-49.400000000000006	-40.0	-1.2000000000000455	-37.0	-75.2	
11.600000000000023	1.5999999999999943	22.19999999999999	11.400000000000006	-0.7999999999999972	-2.4	14.0	-1.3999999999999986	0.4	11.399999999999977	1.2000000000000028	1.5999999999999943	10.399999999999977	1.4000000000000057	12.800000000000011	7.800000000000011	1.7999999999999972	6.400000000000006	6.800000000000011	1.2000000000000028	12.600000000000023	6.199999999999989	1.0	11.199999999999989	15.600000000000023	6.400000000000006	16.599999999999994	11.799999999999955	4.0	19.400000000000006	
22.399999999999977	2.5999999999999943	48.0	32.400000000000006	-0.4000000000000057	1.8	42.19999999999999	-2.200000000000003	1.6	42.400000000000006	5.799999999999997	2.200000000000003	32.60000000000002	0.5999999999999943	30.80000000000001	26.80000000000001	2.0	8.400000000000006	23.80000000000001	5.799999999999997	43.39999999999998	18.0	3.5999999999999943	24.200000000000045	37.799999999999955	13.599999999999994	49.0	28.200000000000045	8.6	48.19999999999999	
26.600000000000023	12.0	43.0	30.400000000000006	-4.200000000000003	2.8	40.0	-3.0	0.0	36.19999999999999	5.200000000000003	12.0	33.80000000000001	-4.199999999999989	19.600000000000023	28.399999999999977	6.799999999999997	16.80000000000001	29.0	-1.7999999999999972	22.19999999999999	25.0	8.199999999999989	26.0	34.799999999999955	2.8000000000000114	32.400000000000006	30.200000000000045	6.8	34.19999999999999	

-42.799999999999955	-5.599999999999994	22.80000000000001	-22.80000000000001	-4.799999999999997	-0.6000000000000001	-33.599999999999994	-7.4	-1.6	-32.80000000000001	-7.599999999999994	-18.0	-39.80000000000001	0.8000000000000114	-1.0	-41.80000000000001	-8.199999999999989	-8.400000000000006	-36.19999999999999	6.400000000000006	8.800000000000011	-47.80000000000001	-9.600000000000023	7.199999999999989	-34.799999999999955	11.599999999999994	23.799999999999997	-37.200000000000045	5.0	25.0	
-14.799999999999955	-5.599999999999994	-42.400000000000006	17.80000000000001	-15.799999999999997	2.8	28.19999999999999	-17.0	-1.0	30.80000000000001	-4.0	-29.200000000000003	16.80000000000001	-28.0	-20.0	23.400000000000006	-7.400000000000006	-44.8	6.600000000000023	-26.200000000000003	-30.80000000000001	7.199999999999989	-8.599999999999994	-55.19999999999999	-6.0	-29.599999999999994	-21.6	-9.799999999999955	-23.0	-40.400000000000006	
-14.0	10.0	6.199999999999989	-9.400000000000006	1.4000000000000057	1.8	-13.599999999999994	3.0	-1.2	-16.400000000000006	5.400000000000006	-5.200000000000003	-13.399999999999977	3.0	-11.600000000000023	-17.400000000000006	6.400000000000006	-1.4000000000000057	-10.600000000000023	3.200000000000003	-10.399999999999977	-16.80000000000001	7.800000000000011	2.3999999999999773	-15.200000000000045	4.599999999999994	-8.799999999999997	-14.799999999999955	7.800000000000001	-1.4000000000000057	
11.799999999999955	3.1999999999999886	35.400000000000006	21.0	-0.5999999999999943	1.6	25.400000000000006	-1.4	-0.2	29.19999999999999	3.200000000000003	-4.200000000000003	19.80000000000001	0.0	17.399999999999977	15.599999999999994	1.5999999999999943	2.8000000000000114	13.800000000000011	6.600000000000001	25.399999999999977	6.199999999999989	2.0	14.799999999999955	21.799999999999955	12.400000000000006	39.19999999999999	15.0	6.600000000000001	41.0	
-6.399999999999977	23.0	19.19999999999999	6.800000000000011	-0.5999999999999943	0.8	6.400000000000006	9.4	-0.6	2.5999999999999943	16.200000000000003	-3.4000000000000057	2.3999999999999773	2.0	-15.199999999999989	-5.800000000000011	22.400000000000006	-1.0	-2.3999999999999773	2.3999999999999986	-19.0	-9.800000000000011	25.399999999999977	5.399999999999977	-8.200000000000045	8.400000000000006	-8.200000000000003	-9.200000000000045	18.4	1.4000000000000057	

11.0	24.0	-59.599999999999994	22.80000000000001	-4.0	0.0	29.599999999999994	2.3999999999999986	1.0	27.19999999999999	12.599999999999994	-15.399999999999999	26.80000000000001	-12.0	-29.399999999999977	30.0	18.599999999999994	-28.4	20.0	-15.599999999999994	-48.400000000000006	27.400000000000006	23.19999999999999	-45.80000000000001	10.0	-22.80000000000001	-54.0	12.399999999999977	-1.2000000000000028	-66.80000000000001	
40.60000000000002	11.0	-26.400000000000006	29.599999999999994	1.2000000000000028	-3.0	40.599999999999994	0.5999999999999996	-0.6	40.80000000000001	8.0	5.0	40.19999999999999	-8.199999999999989	3.6000000000000227	44.599999999999994	7.599999999999994	-2.4000000000000057	37.80000000000001	-13.199999999999989	-9.0	44.400000000000006	8.199999999999989	-16.19999999999999	40.39999999999998	-14.199999999999989	-11.400000000000006	40.60000000000002	-6.799999999999997	-24.799999999999997	
11.399999999999977	5.599999999999994	-15.399999999999999	6.400000000000006	0.20000000000000284	-0.8	9.599999999999994	3.2	-0.2	9.599999999999994	3.5999999999999943	-0.7999999999999972	10.0	-4.199999999999989	-6.0	12.199999999999989	4.199999999999989	-4.0	5.800000000000011	-3.5999999999999943	-9.0	11.199999999999989	7.199999999999989	-8.0	8.799999999999955	-4.599999999999994	-13.799999999999997	10.799999999999955	-1.3999999999999986	-15.600000000000001	
58.39999999999998	5.800000000000011	8.8	46.19999999999999	6.599999999999994	-1.2000000000000002	62.80000000000001	8.0	1.8	64.19999999999999	12.400000000000006	17.200000000000003	55.60000000000002	4.800000000000011	25.0	61.400000000000006	8.599999999999994	9.400000000000006	52.80000000000001	3.0	26.80000000000001	57.599999999999994	3.1999999999999886	4.600000000000023	61.39999999999998	2.1999999999999886	24.4	58.200000000000045	0.3999999999999986	18.2	
9.200000000000045	30.80000000000001	-22.6	23.0	-8.599999999999994	-2.2	31.599999999999994	6.2	-1.0	26.0	20.599999999999994	-11.0	27.80000000000001	-14.199999999999989	-36.0	21.80000000000001	26.80000000000001	-19.200000000000003	15.199999999999989	-19.0	-47.19999999999999	12.0	36.0	-26.600000000000023	2.3999999999999773	-18.19999999999999	-51.8	2.0	9.8	-52.0	

54.0	38.400000000000006	-25.399999999999977	13.599999999999994	7.400000000000006	-1.2000000000000002	15.799999999999997	15.2	-1.4	10.0	18.400000000000006	10.199999999999989	26.599999999999994	8.0	-9.199999999999989	24.4	23.19999999999999	8.400000000000006	28.599999999999994	-0.8000000000000114	-24.80000000000001	36.6	27.599999999999994	-4.400000000000006	41.60000000000002	-4.800000000000011	-37.0	47.39999999999998	11.800000000000011	-36.19999999999999	
53.19999999999999	-15.400000000000006	-14.800000000000011	14.800000000000011	0.20000000000000284	0.6	25.599999999999994	-2.8000000000000007	0.6	28.0	-2.200000000000003	18.19999999999999	26.599999999999994	-4.199999999999989	21.80000000000001	37.8	-7.599999999999994	12.200000000000003	30.400000000000006	-6.800000000000011	20.19999999999999	46.8	-12.0	1.0	38.60000000000002	-15.199999999999989	13.0	43.19999999999999	-21.400000000000006	1.6000000000000227	
20.0	-15.0	22.19999999999999	4.400000000000006	-2.200000000000003	-3.4	7.400000000000006	-3.1999999999999993	2.4	10.200000000000003	-4.400000000000006	10.599999999999994	5.199999999999989	-1.4000000000000057	17.0	9.2	-8.0	12.0	5.0	-2.1999999999999886	24.19999999999999	11.8	-14.400000000000006	14.199999999999989	19.0	1.0	24.599999999999994	18.600000000000023	-5.800000000000011	28.0	
32.80000000000001	-18.599999999999994	109.6	18.80000000000001	10.599999999999994	4.4	20.799999999999997	8.0	0.4	23.200000000000003	0.0	33.19999999999999	19.0	22.80000000000001	49.80000000000001	13.8	-5.599999999999994	46.80000000000001	19.80000000000001	34.599999999999994	69.80000000000001	9.600000000000001	-13.800000000000011	76.19999999999999	45.19999999999999	41.60000000000002	87.8	35.19999999999999	21.400000000000006	112.6	
25.399999999999977	101.60000000000002	67.80000000000001	29.599999999999994	17.200000000000003	2.4	23.599999999999994	34.4	-1.0	4.799999999999997	43.0	26.599999999999994	39.599999999999994	25.599999999999994	-17.600000000000023	2.2	64.0	32.0	36.80000000000001	30.80000000000001	-43.0	5.200000000000003	86.0	48.60000000000002	39.60000000000002	32.80000000000001	-48.80000000000001	34.60000000000002	85.0	-12.400000000000006	

-27.600000000000023	40.599999999999994	58.60000000000002	-20.400000000000006	12.400000000000006	-1.2	-33.8	16.799999999999997	-0.8	-42.8	10.0	-4.400000000000006	-27.19999999999999	21.399999999999977	-14.600000000000023	-50.0	19.400000000000006	7.799999999999997	-23.19999999999999	31.0	-8.400000000000006	-49.0	31.400000000000006	31.4	-14.399999999999977	34.80000000000001	-11.0	-17.0	50.0	16.0	
-30.600000000000023	-2.0	31.0	-0.19999999999998863	2.8000000000000114	-2.6	-3.200000000000003	3.799999999999997	-0.4	-3.1999999999999993	0.20000000000000284	4.599999999999994	-4.800000000000011	8.600000000000023	8.399999999999977	-12.0	-2.0	5.0	-12.599999999999994	17.600000000000023	15.0	-25.0	0.4000000000000057	14.799999999999997	-10.0	26.399999999999977	23.599999999999994	-23.80000000000001	19.19999999999999	34.60000000000002	
-41.60000000000002	1.2000000000000028	35.0	-0.8000000000000114	-2.8000000000000114	-3.6	-4.400000000000006	-2.200000000000003	-1.0	-4.800000000000001	-4.200000000000003	-3.4000000000000057	-10.400000000000006	3.0	5.0	-14.0	-6.599999999999994	-1.3999999999999986	-17.19999999999999	8.199999999999989	10.199999999999989	-27.4	-4.200000000000003	6.599999999999994	-16.799999999999955	18.19999999999999	21.400000000000006	-29.0	14.199999999999989	30.0	
-71.80000000000001	6.799999999999997	189.2	2.0	18.599999999999994	1.0	-1.7999999999999972	7.399999999999999	0.0	-1.0	-4.799999999999997	18.19999999999999	-14.599999999999994	31.80000000000001	50.39999999999998	-37.4	-9.799999999999997	35.0	-27.19999999999999	55.19999999999999	86.80000000000001	-82.0	-12.400000000000006	92.80000000000001	-5.0	95.39999999999998	126.4	-46.19999999999999	73.80000000000001	181.8	
-1.1999999999999886	96.4	71.60000000000002	14.400000000000006	10.400000000000006	-0.19999999999999996	7.399999999999999	20.200000000000003	-0.19999999999999996	-7.199999999999999	25.0	11.800000000000011	17.400000000000006	14.800000000000011	-12.0	-15.400000000000006	43.2	20.0	15.400000000000006	13.399999999999977	-22.599999999999994	-21.799999999999997	68.19999999999999	40.80000000000001	18.600000000000023	22.399999999999977	-30.80000000000001	15.0	68.0	-6.399999999999977	

-19.799999999999955	-5.400000000000006	-24.0	-3.3999999999999773	-6.400000000000006	4.4	-7.199999999999989	-10.0	-1.6	-5.199999999999989	-5.0	-19.19999999999999	-12.399999999999977	-11.199999999999989	-17.80000000000001	-9.800000000000011	-6.399999999999999	-26.4	-11.0	-12.200000000000003	-16.399999999999977	-15.399999999999977	-7.199999999999989	-25.80000000000001	-19.200000000000045	-10.800000000000011	-15.599999999999994	-19.799999999999955	-9.799999999999997	-21.0	
-14.399999999999977	-5.200000000000003	-26.600000000000023	-0.19999999999998863	-5.599999999999994	1.4	0.0	-6.599999999999994	0.4	4.0	-6.0	-16.19999999999999	-4.600000000000023	-8.0	-13.199999999999989	-0.39999999999997726	-6.399999999999999	-26.2	-4.199999999999989	-9.599999999999994	-16.19999999999999	-8.399999999999977	-8.199999999999989	-30.399999999999977	-11.0	-12.0	-16.0	-13.0	-10.200000000000003	-21.80000000000001	
-18.200000000000045	-9.200000000000003	-11.399999999999977	-4.399999999999977	-10.800000000000011	3.0	-5.0	-18.80000000000001	2.2	-4.600000000000023	-11.799999999999997	-24.80000000000001	-9.199999999999989	-14.800000000000011	-6.600000000000023	-8.800000000000011	-12.600000000000001	-25.6	-9.199999999999989	-15.599999999999994	-10.800000000000011	-16.399999999999977	-12.599999999999994	-20.399999999999977	-12.399999999999977	-11.400000000000006	-2.8000000000000114	-15.0	-12.0	-8.0	
-24.0	9.199999999999989	70.0	-31.600000000000023	-24.19999999999999	-1.0	-60.80000000000001	-28.0	2.4	-73.80000000000001	-8.0	-64.19999999999999	-45.60000000000002	-14.599999999999994	14.600000000000023	-77.39999999999998	0.6000000000000014	-7.600000000000001	-30.80000000000001	-0.4000000000000057	44.19999999999999	-55.0	9.599999999999994	41.60000000000002	-14.0	10.799999999999997	56.400000000000006	-20.0	11.6	62.19999999999999	
5.2000000000000455	-6.400000000000006	46.60000000000002	-6.0	-19.80000000000001	1.0	-16.399999999999977	-22.599999999999994	0.4	-25.19999999999999	-17.200000000000003	-5.799999999999997	-8.0	-13.400000000000006	24.600000000000023	-24.19999999999999	-11.600000000000001	21.200000000000003	-4.199999999999989	-7.400000000000006	38.60000000000002	-10.800000000000011	-7.199999999999989	40.799999999999955	7.7999999999999545	-1.2000000000000028	39.0	5.2000000000000455	-2.8000000000000007	45.19999999999999	

-24.399999999999977	-5.799999999999997	-4.199999999999989	-17.600000000000023	-6.199999999999989	-5.8	-24.0	-9.599999999999994	0.6	-24.19999999999999	-8.799999999999997	-18.6	-22.399999999999977	-7.199999999999989	-7.0	-24.19999999999999	-7.4	-13.599999999999994	-19.80000000000001	-5.400000000000006	-2.7999999999999545	-25.0	-6.0	-7.7999999999999545	-19.399999999999977	-3.799999999999997	-1.6000000000000227	-20.600000000000023	-5.800000000000001	-2.3999999999999773	
-21.200000000000045	-6.799999999999997	-8.600000000000023	-13.800000000000011	-5.199999999999989	0.8	-16.399999999999977	-9.599999999999994	-0.19999999999999996	-15.600000000000023	-6.599999999999994	-22.200000000000003	-16.80000000000001	-7.800000000000011	-9.800000000000011	-20.600000000000023	-7.8	-19.0	-16.0	-6.0	-2.3999999999999773	-21.200000000000045	-7.0	-14.399999999999977	-17.799999999999955	-4.400000000000006	-4.199999999999989	-18.600000000000023	-5.399999999999999	-5.199999999999989	
-19.399999999999977	-10.400000000000006	-42.19999999999999	-1.3999999999999773	-1.1999999999999886	1.2	4.600000000000023	-3.1999999999999886	-1.0	8.199999999999989	-6.799999999999997	-13.600000000000001	-4.600000000000023	-8.400000000000006	-23.80000000000001	4.199999999999989	-10.8	-32.599999999999994	-11.800000000000011	-8.0	-30.600000000000023	-8.199999999999989	-10.0	-41.200000000000045	-21.399999999999977	-13.200000000000003	-33.39999999999998	-19.799999999999955	-12.600000000000001	-39.19999999999999	
10.600000000000023	13.599999999999994	53.39999999999998	5.600000000000023	-18.19999999999999	3.8	-6.600000000000023	-14.800000000000011	-1.0	-17.600000000000023	-3.799999999999997	-28.200000000000003	1.6000000000000227	-5.800000000000011	22.600000000000023	-20.600000000000023	5.800000000000001	8.400000000000006	8.0	3.200000000000003	43.39999999999998	-7.399999999999977	10.400000000000006	38.799999999999955	20.200000000000045	12.0	46.80000000000001	15.399999999999977	12.0	49.0	
28.399999999999977	6.400000000000006	56.60000000000002	14.800000000000011	-16.19999999999999	0.3999999999999999	9.0	-15.0	-0.4	-1.6000000000000227	2.5999999999999943	0.8000000000000007	14.800000000000011	-15.400000000000006	22.80000000000001	-1.0	5.0	30.0	19.0	-9.400000000000006	33.200000000000045	14.199999999999989	5.800000000000011	49.60000000000002	29.0	-4.599999999999994	44.19999999999999	25.0	3.0	47.0	

-45.799999999999955	-17.799999999999997	-32.0	-19.19999999999999	-15.599999999999994	-0.6	-24.0	-23.0	0.0	-18.399999999999977	-23.799999999999997	-41.6	-29.399999999999977	-17.599999999999994	-20.399999999999977	-28.399999999999977	-26.4	-47.2	-29.399999999999977	-18.0	-16.799999999999955	-40.60000000000002	-22.799999999999997	-43.0	-37.0	-15.400000000000006	-15.399999999999977	-40.200000000000045	-19.6	-22.80000000000001	
-32.39999999999998	4.200000000000003	18.80000000000001	-28.399999999999977	-7.599999999999994	-1.8	-40.60000000000002	-10.0	2.0	-41.39999999999998	-7.400000000000006	-34.4	-37.80000000000001	-3.4000000000000057	-7.800000000000011	-47.60000000000002	-4.4	-24.19999999999999	-32.39999999999998	-4.400000000000006	-0.6000000000000227	-45.60000000000002	-0.4000000000000057	-3.7999999999999545	-31.399999999999977	7.200000000000003	8.399999999999977	-33.0	6.4	9.199999999999989	
-1.6000000000000227	-3.5999999999999943	18.600000000000023	-4.800000000000011	-3.1999999999999886	1.0	-6.199999999999989	-10.400000000000006	-0.19999999999999996	-9.600000000000023	-14.400000000000006	-5.399999999999999	-4.600000000000023	-3.8000000000000114	13.600000000000023	-12.399999999999977	-10.6	3.0	0.8000000000000114	1.5999999999999943	18.600000000000023	-7.800000000000011	-6.599999999999994	12.799999999999955	3.0	3.4000000000000057	19.399999999999977	2.6000000000000227	-1.1999999999999993	21.399999999999977	
-0.6000000000000227	-1.7999999999999972	-10.399999999999977	17.19999999999999	-23.19999999999999	0.0	23.80000000000001	-25.599999999999994	-1.0	23.600000000000023	-9.599999999999994	-44.2	14.800000000000011	-24.80000000000001	-9.199999999999989	6.600000000000023	-8.2	-37.80000000000001	5.0	-21.599999999999994	-8.799999999999955	-3.1999999999999886	-3.200000000000003	-27.0	6.600000000000023	-13.200000000000003	0.0	0.6000000000000227	-10.600000000000001	-6.399999999999977	
9.0	3.799999999999997	24.600000000000023	-6.399999999999977	-2.1999999999999886	1.0	-10.399999999999977	2.4000000000000057	-0.19999999999999996	-13.800000000000011	5.600000000000001	16.8	-5.0	2.5999999999999943	7.399999999999977	-8.800000000000011	8.8	24.0	-2.6000000000000227	4.599999999999994	11.600000000000023	1.8000000000000114	4.400000000000006	26.0	4.0	3.200000000000003	12.399999999999977	4.0	4.0	18.19999999999999	

-41.60000000000002	-25.400000000000006	-99.60000000000002	-29.600000000000023	1.8000000000000114	-4.6	-25.19999999999999	-1.1999999999999886	0.8	-13.800000000000011	-4.200000000000003	-8.399999999999999	-31.600000000000023	-14.0	-43.60000000000002	-4.399999999999977	-14.0	-44.599999999999994	-36.0	-26.599999999999994	-60.39999999999998	-18.399999999999977	-22.799999999999997	-78.0	-53.200000000000045	-32.19999999999999	-69.0	-46.200000000000045	-31.400000000000006	-85.19999999999999	
-53.60000000000002	-10.599999999999994	-3.8000000000000114	-13.0	-24.400000000000006	0.19999999999999996	-19.80000000000001	-37.80000000000001	-2.0	-17.600000000000023	-30.200000000000003	-68.4	-28.399999999999977	-27.80000000000001	-12.399999999999977	-40.60000000000002	-29.2	-61.19999999999999	-30.0	-16.799999999999997	-1.2000000000000455	-55.19999999999999	-21.400000000000006	-33.200000000000045	-32.200000000000045	-10.400000000000006	13.199999999999989	-43.39999999999998	-13.600000000000001	6.199999999999989	
-14.200000000000045	-7.400000000000006	26.399999999999977	-11.800000000000011	-6.400000000000006	-0.20000000000000018	-17.600000000000023	-13.400000000000006	-0.4	-19.399999999999977	-17.200000000000003	-11.400000000000006	-16.600000000000023	-5.400000000000006	9.800000000000011	-25.19999999999999	-16.4	1.0	-14.399999999999977	0.4000000000000057	17.600000000000023	-24.399999999999977	-11.400000000000006	12.799999999999955	-8.600000000000023	3.200000000000003	22.0	-12.399999999999977	-1.3999999999999986	24.80000000000001	
4.7999999999999545	0.5999999999999943	32.0	12.400000000000006	-12.599999999999994	1.4	12.800000000000011	-20.0	2.2	9.0	-14.799999999999997	-23.0	13.0	-9.599999999999994	15.0	-3.1999999999999886	-10.8	-8.0	16.0	-2.0	24.399999999999977	-3.6000000000000227	-4.400000000000006	14.600000000000023	19.80000000000001	4.200000000000003	29.600000000000023	13.0	1.3999999999999986	31.399999999999977	
6.2000000000000455	-0.7999999999999972	11.600000000000023	10.800000000000011	-16.0	0.8	15.600000000000023	-13.200000000000003	0.8	13.399999999999977	-4.799999999999997	-9.200000000000003	12.600000000000023	-16.400000000000006	3.6000000000000227	6.800000000000011	-3.8000000000000007	-6.800000000000011	11.600000000000023	-15.400000000000006	4.600000000000023	4.0	-2.799999999999997	0.7999999999999545	9.600000000000023	-10.599999999999994	9.0	6.2000000000000455	-7.0	5.199999999999989	

1.6000000000000227	-5.399999999999999	-17.399999999999977	-3.1999999999999886	2.8000000000000114	2.4	-2.8000000000000114	0.5999999999999943	0.2	0.0	-2.6000000000000014	-6.599999999999994	-0.39999999999997726	4.800000000000011	0.0	2.0	-4.0	-5.599999999999994	-1.3999999999999773	4.400000000000006	-3.6000000000000227	1.0	-3.799999999999997	-8.200000000000045	0.0	2.4000000000000057	-7.399999999999977	1.7999999999999545	-0.4000000000000057	-6.399999999999977	
-6.399999999999977	-41.0	-35.39999999999998	28.0	-27.400000000000006	-3.0	44.0	-43.0	0.2	49.599999999999994	-39.599999999999994	-40.599999999999994	27.0	-38.599999999999994	1.0	30.80000000000001	-49.0	-56.0	13.0	-39.80000000000001	-2.3999999999999773	9.0	-45.8	-54.799999999999955	12.600000000000023	-34.80000000000001	3.3999999999999773	2.7999999999999545	-40.8	-15.399999999999977	
-8.0	-11.799999999999997	-5.800000000000011	-5.0	-7.0	0.6	0.39999999999997726	-12.599999999999994	-1.0	0.6000000000000227	-10.799999999999997	-13.400000000000006	-6.199999999999989	-10.800000000000011	-0.6000000000000227	-6.600000000000023	-11.4	-13.0	-0.8000000000000114	-10.400000000000006	6.0	-12.199999999999989	-10.0	-5.399999999999977	-5.7999999999999545	-4.200000000000003	6.199999999999989	-8.600000000000023	-6.0	3.0	
27.799999999999955	-11.399999999999999	17.0	28.80000000000001	-5.199999999999989	0.19999999999999996	39.0	-18.19999999999999	1.4	38.400000000000006	-21.599999999999994	-6.400000000000006	36.19999999999999	-10.400000000000006	25.200000000000045	28.399999999999977	-20.0	-0.19999999999998863	37.80000000000001	-7.200000000000003	29.0	25.19999999999999	-15.0	10.200000000000045	39.60000000000002	-4.0	29.19999999999999	35.60000000000002	-5.200000000000003	26.600000000000023	
-11.600000000000023	17.599999999999994	28.19999999999999	-16.19999999999999	1.5999999999999943	0.6000000000000001	-29.0	9.799999999999997	-1.8	-35.80000000000001	19.4	-3.0	-25.80000000000001	4.400000000000006	-10.799999999999955	-36.60000000000002	27.2	10.199999999999989	-20.80000000000001	9.799999999999997	-5.0	-29.600000000000023	28.400000000000006	25.0	-20.399999999999977	12.799999999999997	6.199999999999989	-22.399999999999977	21.2	15.800000000000011	

-45.200000000000045	38.2	42.0	-16.80000000000001	0.4000000000000057	-3.8	-28.600000000000023	-5.400000000000006	-0.6	-32.19999999999999	-8.0	-23.0	-30.0	9.199999999999989	5.199999999999989	-50.80000000000001	-0.8000000000000007	-9.400000000000006	-27.399999999999977	20.200000000000003	16.600000000000023	-58.80000000000001	10.799999999999997	22.200000000000045	-23.200000000000045	32.8	28.80000000000001	-33.0	31.0	44.0	
-24.600000000000023	-17.8	-31.80000000000001	-2.0	-10.599999999999994	-3.8	1.1999999999999886	-16.19999999999999	-0.4	8.0	-13.0	-24.400000000000006	-3.8000000000000114	-17.400000000000006	-9.199999999999989	0.5999999999999943	-18.0	-32.599999999999994	-3.6000000000000227	-15.400000000000006	-11.799999999999955	-11.600000000000023	-18.200000000000003	-34.39999999999998	-15.0	-17.0	-9.399999999999977	-18.600000000000023	-17.799999999999997	-17.19999999999999	
4.2000000000000455	18.200000000000003	32.60000000000002	-1.1999999999999886	5.200000000000003	1.4	-9.0	8.0	-2.0	-13.199999999999989	7.600000000000001	0.4000000000000057	-4.600000000000023	11.199999999999989	3.2000000000000455	-12.800000000000011	14.2	9.800000000000011	-2.8000000000000114	9.799999999999997	7.399999999999977	-9.399999999999977	17.799999999999997	22.600000000000023	2.7999999999999545	15.0	8.0	3.6000000000000227	20.4	17.399999999999977	
24.600000000000023	-3.799999999999997	28.399999999999977	26.400000000000006	-7.599999999999994	-0.4	37.0	-19.400000000000006	-0.4	35.599999999999994	-18.4	-9.400000000000006	30.19999999999999	-10.0	23.200000000000045	21.80000000000001	-19.8	-2.8000000000000114	30.600000000000023	-3.200000000000003	26.200000000000045	14.0	-15.400000000000006	10.399999999999977	38.200000000000045	0.7999999999999972	33.60000000000002	30.799999999999955	-3.0	33.60000000000002	
-21.200000000000045	22.0	17.0	7.599999999999994	-14.800000000000011	1.4	8.599999999999994	-10.799999999999997	-0.6	5.0	2.799999999999997	-29.0	1.0	-13.199999999999989	-11.0	-11.399999999999977	9.6	-25.0	-9.199999999999989	-5.0	-4.600000000000023	-26.600000000000023	15.799999999999997	-5.600000000000023	-7.7999999999999545	1.5999999999999943	7.600000000000023	-16.200000000000045	11.0	11.0	

6.0	-24.599999999999994	-102.4	-17.0	-1.0	1.4	-16.599999999999994	3.4000000000000057	-1.8	-12.200000000000003	8.0	-13.200000000000003	-15.399999999999977	-7.800000000000011	-32.19999999999999	10.0	2.200000000000003	-27.400000000000006	-13.199999999999989	-20.19999999999999	-43.80000000000001	21.400000000000006	-11.799999999999997	-57.0	-20.799999999999955	-34.0	-57.0	-7.2000000000000455	-36.599999999999994	-77.0	
33.200000000000045	-44.8	-62.0	20.400000000000006	-7.199999999999989	4.2	31.799999999999997	-13.400000000000006	0.0	41.6	-12.0	-4.400000000000006	27.0	-17.19999999999999	2.0	46.6	-20.200000000000003	-18.400000000000006	23.19999999999999	-21.80000000000001	-4.800000000000011	46.400000000000006	-32.400000000000006	-36.0	22.399999999999977	-31.600000000000023	-9.400000000000006	28.0	-41.0	-29.80000000000001	
14.799999999999955	-18.599999999999994	-1.5999999999999943	2.0	-3.4000000000000057	-2.4	4.800000000000011	-5.199999999999989	1.2	6.200000000000003	-7.200000000000003	8.0	6.399999999999977	-5.800000000000011	6.399999999999977	9.0	-11.0	5.799999999999997	7.0	-8.199999999999989	9.0	12.400000000000006	-13.799999999999997	2.3999999999999773	10.399999999999977	-9.400000000000006	4.599999999999994	13.399999999999977	-11.599999999999994	2.1999999999999886	
56.60000000000002	39.6	15.400000000000006	26.19999999999999	6.199999999999989	-0.8	32.400000000000006	17.0	-0.6	25.599999999999994	25.0	13.599999999999994	37.0	7.0	-0.8000000000000114	29.799999999999997	34.0	18.0	36.60000000000002	5.599999999999994	-8.600000000000023	37.599999999999994	39.2	16.600000000000023	42.39999999999998	1.0	-11.400000000000006	46.60000000000002	18.80000000000001	-7.0	
20.799999999999955	21.0	-62.0	33.0	-17.0	1.2	45.599999999999994	-4.799999999999997	1.8	46.0	15.399999999999999	-22.200000000000003	39.0	-23.80000000000001	-28.80000000000001	47.400000000000006	16.4	-41.599999999999994	33.80000000000001	-33.80000000000001	-41.39999999999998	38.80000000000001	19.8	-59.19999999999999	19.200000000000045	-36.19999999999999	-44.400000000000006	20.399999999999977	-14.0	-65.0	

32.39999999999998	-17.600000000000023	-69.39999999999998	0.19999999999998863	-0.8000000000000114	2.2	2.5999999999999943	1.1999999999999886	-0.19999999999999996	3.3999999999999986	9.599999999999994	-9.400000000000006	4.599999999999994	-9.0	-18.19999999999999	18.599999999999994	8.199999999999989	-16.0	4.199999999999989	-18.19999999999999	-31.80000000000001	33.4	2.1999999999999886	-39.0	0.7999999999999545	-33.39999999999998	-37.19999999999999	14.799999999999955	-28.80000000000001	-57.2	
40.200000000000045	-32.39999999999998	-44.0	14.199999999999989	-4.400000000000006	-1.4	17.400000000000006	-2.0	2.6	21.4	2.4000000000000057	1.4000000000000057	18.80000000000001	-9.800000000000011	-3.6000000000000227	33.2	-0.8000000000000114	-4.599999999999994	20.399999999999977	-18.19999999999999	-11.600000000000023	43.0	-9.800000000000011	-26.80000000000001	14.0	-26.600000000000023	-17.80000000000001	25.0	-32.0	-32.8	
0.7999999999999545	2.0	46.19999999999999	-14.800000000000011	4.0	-1.4	-19.80000000000001	1.0	-1.2	-22.0	-6.599999999999994	11.199999999999989	-14.800000000000011	6.800000000000011	9.399999999999977	-26.0	-3.0	24.400000000000006	-11.800000000000011	13.0	13.0	-20.599999999999994	1.4000000000000057	41.39999999999998	0.39999999999997726	15.399999999999977	16.400000000000006	-0.6000000000000227	15.600000000000023	37.0	
10.399999999999977	45.80000000000001	70.4	18.80000000000001	8.0	2.4	14.799999999999997	8.599999999999994	0.2	13.200000000000003	8.0	11.199999999999989	18.399999999999977	14.800000000000011	16.0	0.19999999999999996	12.800000000000011	19.0	17.399999999999977	20.599999999999994	23.80000000000001	-9.599999999999994	27.19999999999999	40.80000000000001	28.200000000000045	28.600000000000023	25.0	22.399999999999977	42.0	40.80000000000001	
4.600000000000023	49.400000000000006	19.599999999999994	5.599999999999994	-3.1999999999999886	-1.2	5.0	6.0	0.0	-3.0	13.0	2.0	8.0	1.1999999999999886	-4.800000000000011	-6.8	22.400000000000006	3.5999999999999943	4.0	1.1999999999999886	-7.0	-6.599999999999994	36.400000000000006	12.0	9.0	5.800000000000011	-7.0	8.799999999999955	24.600000000000023	-2.0	

5.2000000000000455	55.19999999999999	-28.0	-13.400000000000006	1.1999999999999886	0.4	-23.400000000000006	10.800000000000011	-2.0	-31.0	14.599999999999994	-13.200000000000003	-16.80000000000001	6.199999999999989	-23.600000000000023	-30.2	27.400000000000006	-10.200000000000003	-12.800000000000011	0.6000000000000227	-28.19999999999999	-23.799999999999997	42.599999999999994	-6.400000000000006	-15.0	2.3999999999999773	-31.799999999999997	-8.200000000000045	21.19999999999999	-29.6	
-54.200000000000045	28.600000000000023	26.399999999999977	-5.599999999999994	0.5999999999999943	2.4	-15.800000000000011	0.5999999999999943	0.8	-17.0	-2.5999999999999943	-0.4000000000000057	-14.800000000000011	8.399999999999977	3.1999999999999886	-27.8	1.4000000000000057	1.7999999999999972	-12.399999999999977	19.0	4.399999999999977	-42.599999999999994	8.400000000000006	11.0	-16.600000000000023	27.600000000000023	11.400000000000006	-34.0	32.19999999999999	22.8	
-27.0	38.19999999999999	-8.600000000000023	-3.0	0.4000000000000057	1.2	-6.599999999999994	3.5999999999999943	-0.8	-8.599999999999994	7.400000000000006	-9.200000000000003	-5.199999999999989	-2.1999999999999886	-11.199999999999989	-9.600000000000001	13.0	-10.799999999999997	-6.399999999999977	-3.3999999999999773	-14.199999999999989	-15.400000000000006	23.19999999999999	-15.800000000000011	-12.0	2.6000000000000227	-15.400000000000006	-17.0	10.800000000000011	-18.4	
-55.0	124.39999999999998	120.6	1.0	10.599999999999994	-4.2	-5.0	16.80000000000001	-2.4	-17.400000000000006	13.599999999999994	6.199999999999989	-2.0	27.399999999999977	16.399999999999977	-48.0	31.80000000000001	17.0	-4.0	41.400000000000006	22.600000000000023	-75.6	66.80000000000001	57.19999999999999	9.399999999999977	64.80000000000001	35.400000000000006	-16.799999999999955	94.80000000000001	69.0	
-2.0	40.39999999999998	-8.800000000000011	19.80000000000001	-9.599999999999994	0.0	26.80000000000001	-6.800000000000011	0.2	27.799999999999997	1.5999999999999943	-4.599999999999994	21.600000000000023	-15.600000000000023	-2.0	26.0	5.199999999999989	-12.799999999999997	14.399999999999977	-17.600000000000023	-5.399999999999977	16.599999999999994	10.0	-25.0	12.0	-20.19999999999999	-7.400000000000006	12.200000000000045	-9.0	-22.8	

