4 9
-9.199999999999989	11.0	7.0	-9.0	21.6	-0.7999999999999998	-11.0	30.0	0.8	-8.599999999999994	22.0	1.0	-18.19999999999999	23.0	-18.599999999999994	-10.800000000000011	20.19999999999999	3.3999999999999773	-18.399999999999977	18.0	-11.399999999999977	-7.199999999999989	15.399999999999977	4.0	-12.600000000000023	13.0	-1.8000000000000114	-10.800000000000011	14.400000000000006	2.0	
-24.80000000000001	26.0	3.7999999999999545	-14.200000000000003	44.8	3.4	-15.599999999999994	52.60000000000002	-0.6	-17.400000000000006	33.80000000000001	18.0	-29.600000000000023	51.4	-42.19999999999999	-18.80000000000001	33.0	7.800000000000011	-37.60000000000002	40.0	-36.39999999999998	-21.400000000000006	31.80000000000001	3.2000000000000455	-32.19999999999999	28.0	-18.400000000000006	-33.0	32.599999999999994	-8.200000000000045	
-15.399999999999977	14.0	7.2000000000000455	-13.599999999999994	31.6	3.4	-17.799999999999997	33.39999999999998	1.2	-18.599999999999994	18.600000000000023	17.0	-24.600000000000023	36.6	-15.199999999999989	-15.0	18.19999999999999	13.399999999999977	-24.19999999999999	28.200000000000003	-10.600000000000023	-14.199999999999989	16.399999999999977	9.600000000000023	-24.600000000000023	17.2	-4.400000000000006	-18.19999999999999	21.0	0.0	
-46.60000000000002	41.60000000000002	24.600000000000023	-63.80000000000001	89.2	-0.20000000000000018	-68.4	117.0	0.6	-54.19999999999999	87.80000000000001	-1.3999999999999773	-107.39999999999998	93.6	-89.8	-61.80000000000001	77.19999999999999	10.0	-98.80000000000001	68.80000000000001	-39.19999999999999	-57.0	59.19999999999999	20.0	-71.0	42.6	-5.599999999999994	-65.20000000000005	52.599999999999994	15.399999999999977	
-9.199999999999989	-45.400000000000006	-6.600000000000023	-33.599999999999994	-48.8	-1.0	-40.0	-53.80000000000001	1.0	-29.799999999999997	-37.39999999999998	-31.0	-27.0	-58.8	25.0	-27.400000000000006	-46.19999999999999	-16.600000000000023	-5.800000000000011	-48.8	33.19999999999999	-18.400000000000006	-46.60000000000002	-4.600000000000023	6.800000000000011	-37.6	22.400000000000006	-1.1999999999999886	-49.0	9.600000000000023	

-3.6000000000000227	16.19999999999999	28.200000000000045	-17.4	46.400000000000006	-1.2000000000000002	-19.799999999999997	52.39999999999998	1.4	-14.6	31.600000000000023	16.19999999999999	-30.599999999999994	56.8	-14.599999999999994	-14.399999999999999	29.0	23.200000000000045	-26.400000000000006	44.19999999999999	1.0	-7.400000000000006	20.399999999999977	27.799999999999955	-21.0	28.200000000000003	11.400000000000006	-13.800000000000011	24.599999999999994	26.600000000000023	
-15.199999999999989	29.399999999999977	12.600000000000023	-2.799999999999997	49.400000000000006	-2.6	-9.600000000000001	56.0	-1.0	-13.8	33.80000000000001	18.80000000000001	-18.400000000000006	67.2	-38.80000000000001	-12.799999999999997	39.19999999999999	17.200000000000045	-30.80000000000001	57.19999999999999	-34.60000000000002	-14.400000000000006	34.39999999999998	15.200000000000045	-29.399999999999977	40.0	-18.19999999999999	-25.19999999999999	40.400000000000006	1.8000000000000114	
-7.600000000000023	9.0	13.399999999999977	-9.0	23.799999999999997	-0.6	-14.399999999999999	22.399999999999977	-0.4	-12.4	11.800000000000011	15.399999999999977	-12.800000000000011	31.0	-5.0	-9.200000000000003	11.800000000000011	14.799999999999955	-14.199999999999989	26.19999999999999	-3.6000000000000227	-8.200000000000003	10.600000000000023	13.399999999999977	-12.600000000000023	16.599999999999994	-1.0	-9.199999999999989	16.0	7.0	
-0.19999999999998863	44.39999999999998	9.799999999999955	20.4	66.0	-3.4000000000000004	22.400000000000006	82.39999999999998	-0.19999999999999996	17.6	58.80000000000001	9.199999999999989	-4.400000000000006	85.19999999999999	-72.6	9.200000000000003	58.80000000000001	9.0	-22.80000000000001	69.4	-60.599999999999994	3.200000000000003	53.60000000000002	8.799999999999955	-26.80000000000001	45.400000000000006	-29.0	-14.399999999999977	56.60000000000002	-4.0	
-32.80000000000001	-28.600000000000023	13.799999999999955	-49.4	-10.600000000000001	-2.2	-56.0	-11.0	-0.8	-46.4	-10.800000000000011	-10.0	-62.599999999999994	-18.799999999999997	3.4000000000000057	-45.8	-16.80000000000001	-1.2000000000000455	-44.80000000000001	-20.19999999999999	24.80000000000001	-40.0	-24.80000000000001	6.7999999999999545	-29.0	-21.200000000000003	18.599999999999994	-34.39999999999998	-27.400000000000006	19.399999999999977	

-12.199999999999989	38.60000000000002	46.799999999999955	9.0	72.4	-4.2	-1.0	81.80000000000001	0.19999999999999996	-8.0	52.80000000000001	33.60000000000002	-13.599999999999994	99.4	-53.19999999999999	-13.400000000000006	55.80000000000001	37.60000000000002	-37.0	88.19999999999999	-41.599999999999994	-14.0	50.0	41.200000000000045	-40.0	65.19999999999999	-9.599999999999994	-26.0	65.60000000000002	27.80000000000001	
-13.0	34.0	-7.600000000000023	32.0	30.400000000000006	-2.5999999999999996	22.6	37.60000000000002	-3.0	8.2	24.80000000000001	9.199999999999989	22.799999999999997	48.80000000000001	-60.400000000000006	7.599999999999994	34.60000000000002	-1.6000000000000227	-5.199999999999989	47.599999999999994	-81.0	-1.4000000000000057	38.60000000000002	-9.200000000000045	-25.0	33.0	-55.8	-19.600000000000023	47.80000000000001	-35.80000000000001	
-8.399999999999977	17.0	1.0	0.0	20.799999999999997	6.2	-3.6000000000000014	24.399999999999977	1.8	-7.399999999999999	13.800000000000011	5.0	-5.400000000000006	32.0	-25.80000000000001	-9.799999999999997	15.0	4.2000000000000455	-14.0	29.19999999999999	-24.0	-10.199999999999989	16.600000000000023	3.2000000000000455	-18.399999999999977	19.200000000000003	-15.799999999999997	-15.0	21.600000000000023	-4.399999999999977	
19.0	57.39999999999998	-22.600000000000023	73.8	38.400000000000006	0.3999999999999999	74.8	54.0	-0.6000000000000001	53.2	38.60000000000002	14.399999999999977	72.4	64.6	-84.6	49.2	53.0	1.2000000000000455	28.80000000000001	65.4	-117.6	34.599999999999994	59.19999999999999	-15.200000000000045	-5.800000000000011	52.599999999999994	-81.6	8.399999999999977	69.0	-59.19999999999999	
-17.600000000000023	-33.60000000000002	32.39999999999998	-44.4	4.200000000000003	-0.6000000000000001	-48.8	-0.39999999999997726	-0.19999999999999996	-37.4	-8.0	1.8000000000000114	-58.80000000000001	0.4000000000000057	6.0	-37.0	-18.0	14.799999999999955	-42.60000000000002	-7.800000000000011	38.400000000000006	-28.80000000000001	-26.80000000000001	24.799999999999955	-18.19999999999999	-12.200000000000003	40.8	-18.399999999999977	-25.0	43.60000000000002	

-14.199999999999989	45.60000000000002	11.200000000000045	20.599999999999994	40.2	1.2	10.599999999999994	51.80000000000001	1.6	-2.4000000000000057	35.60000000000002	18.600000000000023	17.0	64.0	-54.19999999999999	-3.3999999999999986	41.60000000000002	15.399999999999977	-8.400000000000006	66.19999999999999	-70.0	-8.8	45.19999999999999	12.600000000000023	-24.600000000000023	53.400000000000006	-48.2	-22.80000000000001	63.19999999999999	-15.199999999999989	
-10.600000000000023	36.80000000000001	-13.399999999999977	14.199999999999989	15.799999999999997	-1.2	9.0	18.80000000000001	1.2	-2.200000000000003	14.600000000000023	11.800000000000011	26.400000000000006	26.400000000000006	-25.400000000000006	1.7999999999999972	24.0	3.6000000000000227	12.599999999999994	31.80000000000001	-57.0	0.1999999999999993	32.80000000000001	-8.399999999999977	-12.0	32.599999999999994	-56.400000000000006	-10.399999999999977	43.19999999999999	-39.60000000000002	
-9.800000000000011	18.0	2.3999999999999773	1.1999999999999886	18.0	-3.2	-6.400000000000006	19.0	-0.6000000000000001	-10.399999999999999	10.199999999999989	9.800000000000011	3.4000000000000057	29.0	-12.0	-9.600000000000001	12.800000000000011	9.600000000000023	-3.5999999999999943	34.0	-22.799999999999997	-9.0	15.199999999999989	6.7999999999999545	-10.800000000000011	26.80000000000001	-23.799999999999997	-11.0	26.19999999999999	-3.0	
12.800000000000011	42.0	-21.0	46.19999999999999	12.399999999999999	-2.6	46.19999999999999	21.80000000000001	1.2	32.400000000000006	17.399999999999977	6.600000000000023	59.400000000000006	25.599999999999994	-46.599999999999994	33.400000000000006	28.80000000000001	-3.3999999999999773	34.8	32.19999999999999	-80.6	25.6	38.39999999999998	-15.600000000000023	4.199999999999989	28.400000000000006	-65.4	12.199999999999989	46.0	-51.19999999999999	
-13.0	-22.80000000000001	36.60000000000002	-19.80000000000001	15.799999999999997	2.0	-30.0	9.400000000000006	-0.8	-24.8	-1.4000000000000057	5.199999999999989	-40.0	21.599999999999994	3.0	-28.6	-10.199999999999989	17.200000000000045	-34.80000000000001	15.400000000000006	28.400000000000006	-23.6	-18.0	29.200000000000045	-21.399999999999977	11.799999999999997	35.4	-16.0	-11.0	48.0	

27.400000000000006	44.19999999999999	18.0	42.19999999999999	29.200000000000003	1.4	35.599999999999994	32.19999999999999	3.0	22.0	17.400000000000006	36.39999999999998	64.0	55.80000000000001	-12.0	27.599999999999994	28.19999999999999	35.200000000000045	48.0	65.60000000000002	-47.8	31.200000000000003	37.799999999999955	24.600000000000023	22.19999999999999	61.19999999999999	-52.0	29.400000000000006	67.39999999999998	-12.399999999999977	
-1.0	47.19999999999999	2.6000000000000227	17.0	26.200000000000003	2.0	2.8000000000000114	23.0	-0.6	-7.799999999999997	14.199999999999989	26.200000000000045	36.0	48.0	-7.399999999999977	0.7999999999999972	24.19999999999999	22.399999999999977	34.599999999999994	63.60000000000002	-50.2	3.200000000000003	37.39999999999998	10.200000000000045	9.0	61.400000000000006	-63.80000000000001	9.800000000000011	69.80000000000001	-31.0	
1.8000000000000114	22.600000000000023	5.0	11.0	19.799999999999997	-1.4	4.400000000000006	21.19999999999999	2.2	-3.4000000000000057	12.199999999999989	11.799999999999955	19.19999999999999	32.19999999999999	-11.0	-0.5999999999999943	16.0	11.200000000000045	11.600000000000001	39.60000000000002	-29.400000000000006	2.6000000000000014	21.799999999999955	9.799999999999955	-1.1999999999999886	33.80000000000001	-29.400000000000006	0.4000000000000057	40.39999999999998	-10.800000000000011	
34.19999999999999	44.60000000000002	-17.399999999999977	42.39999999999998	11.0	-1.6	44.80000000000001	16.0	-0.4	33.19999999999999	10.0	21.0	74.0	28.0	-9.0	41.599999999999994	22.80000000000001	11.0	66.2	39.60000000000002	-53.6	41.599999999999994	35.39999999999998	-2.3999999999999773	39.400000000000006	43.19999999999999	-65.6	40.0	56.39999999999998	-46.19999999999999	
-11.800000000000011	-23.19999999999999	21.0	-8.800000000000011	1.7999999999999972	0.19999999999999996	-14.800000000000011	3.0	-0.19999999999999996	-14.0	-5.599999999999994	-0.6000000000000227	-27.19999999999999	12.599999999999994	-14.800000000000011	-20.0	-8.800000000000011	5.0	-31.2	9.0	4.400000000000006	-18.200000000000003	-14.199999999999989	12.200000000000045	-22.19999999999999	3.1999999999999886	22.400000000000006	-18.19999999999999	-13.600000000000023	28.0	

-4.599999999999994	16.799999999999955	32.60000000000002	-20.80000000000001	23.0	2.2	-31.19999999999999	15.0	0.4	-32.6	4.400000000000006	29.799999999999955	-10.399999999999977	40.80000000000001	39.60000000000002	-24.799999999999997	5.0	32.799999999999955	4.599999999999994	49.39999999999998	37.19999999999999	-13.400000000000006	8.200000000000045	38.40000000000009	13.0	54.80000000000001	16.400000000000006	5.0	38.799999999999955	37.60000000000002	
15.800000000000011	24.600000000000023	-5.0	8.199999999999989	4.0	0.8	3.0	2.4000000000000057	-0.8	-0.7999999999999972	-0.4000000000000057	14.600000000000023	28.599999999999994	13.800000000000011	15.800000000000011	6.799999999999997	3.3999999999999773	13.399999999999977	42.19999999999999	25.600000000000023	-5.400000000000006	15.400000000000006	12.0	7.599999999999909	38.2	33.19999999999999	-32.0	29.599999999999994	35.799999999999955	-16.399999999999977	
12.0	14.600000000000023	6.600000000000023	5.599999999999994	10.200000000000003	-2.2	1.0	5.599999999999994	-2.0	-4.199999999999999	-0.4000000000000057	14.399999999999977	17.0	20.0	11.800000000000011	1.0	2.6000000000000227	14.399999999999977	23.799999999999997	29.80000000000001	-1.0	7.0	8.600000000000023	10.0	21.799999999999997	31.600000000000023	-12.800000000000011	16.80000000000001	28.600000000000023	-0.39999999999997726	
23.0	23.799999999999955	-14.0	6.599999999999994	-2.4000000000000057	0.4	9.599999999999994	-3.1999999999999886	-0.6	5.399999999999999	0.19999999999998863	11.200000000000045	28.19999999999999	-4.800000000000011	15.0	17.799999999999997	5.399999999999977	8.200000000000045	44.19999999999999	3.1999999999999886	-6.599999999999994	24.400000000000006	12.399999999999977	-3.2000000000000455	47.2	13.600000000000023	-28.599999999999994	38.400000000000006	23.399999999999977	-26.19999999999999	
37.599999999999994	-47.19999999999999	44.39999999999998	-8.599999999999994	-0.20000000000000284	1.2	-11.800000000000011	-21.400000000000006	-0.4	-8.0	-34.19999999999999	42.0	-2.8000000000000114	4.800000000000011	67.60000000000002	1.4000000000000057	-41.39999999999998	49.39999999999998	9.200000000000003	8.199999999999989	87.39999999999998	16.200000000000003	-45.39999999999998	50.40000000000009	34.8	4.0	73.6	39.599999999999994	-32.80000000000001	74.80000000000001	

18.80000000000001	12.200000000000045	31.200000000000045	10.599999999999994	16.200000000000003	-2.6	5.400000000000006	12.800000000000011	1.6	3.4000000000000057	1.8000000000000114	20.799999999999955	24.399999999999977	31.400000000000006	19.399999999999977	5.199999999999989	4.199999999999989	28.600000000000023	33.80000000000001	45.60000000000002	13.799999999999997	11.599999999999994	7.7999999999999545	30.399999999999977	36.6	54.80000000000001	-1.3999999999999773	28.400000000000006	40.60000000000002	29.19999999999999	
9.800000000000011	17.399999999999977	4.600000000000023	-9.599999999999994	1.3999999999999986	4.4	-13.0	0.0	-1.6	-15.399999999999999	-2.0	11.399999999999977	5.399999999999977	9.400000000000006	23.399999999999977	-7.599999999999994	0.19999999999998863	12.0	26.19999999999999	15.800000000000011	14.800000000000011	3.4000000000000057	6.600000000000023	11.200000000000045	41.4	30.600000000000023	-12.600000000000023	27.799999999999997	27.0	-0.8000000000000114	
4.599999999999994	-1.2000000000000455	17.0	-5.199999999999989	6.399999999999999	-0.8	-9.199999999999989	3.8000000000000114	2.0	-9.200000000000003	-2.0	8.0	-0.19999999999998863	14.0	14.800000000000011	-7.599999999999994	-2.8000000000000114	12.799999999999955	8.600000000000023	19.19999999999999	18.0	-3.0	-1.0	12.799999999999955	13.399999999999999	27.399999999999977	6.199999999999989	10.200000000000003	14.0	22.599999999999994	
31.0	2.6000000000000227	-5.399999999999977	-2.4000000000000057	1.3999999999999986	0.4	0.5999999999999943	-4.400000000000006	-0.6	3.5999999999999943	-4.0	7.600000000000023	4.199999999999989	-5.799999999999997	30.600000000000023	11.599999999999994	-4.199999999999989	10.0	22.19999999999999	-10.399999999999977	38.19999999999999	22.599999999999994	-5.0	6.2000000000000455	42.4	-8.399999999999977	22.399999999999977	43.6	-6.600000000000023	6.400000000000006	
-74.39999999999998	-90.79999999999995	200.20000000000005	-61.8	58.0	-0.3999999999999999	-95.2	29.400000000000006	-1.4	-90.6	-11.400000000000006	64.39999999999998	-109.19999999999999	103.6	77.39999999999998	-107.4	-27.19999999999999	98.79999999999995	-123.2	127.0	160.8	-108.0	-56.39999999999998	150.79999999999995	-101.8	121.0	197.0	-106.80000000000001	-3.2000000000000455	269.2	

1.5999999999999943	-14.399999999999977	14.399999999999977	1.1999999999999886	8.599999999999994	-4.0	1.1999999999999886	2.4000000000000057	2.6	-1.3999999999999986	-1.8000000000000114	2.2000000000000455	2.6000000000000227	13.800000000000011	5.600000000000023	-0.7999999999999972	-5.600000000000023	6.0	3.1999999999999886	22.80000000000001	10.199999999999989	-0.4000000000000057	-6.399999999999977	8.799999999999955	6.0	32.19999999999999	10.0	-2.4	6.0	25.80000000000001	
-6.0	0.7999999999999545	3.7999999999999545	-12.800000000000011	2.4000000000000057	1.6	-17.400000000000006	-3.5999999999999943	-1.4	-16.2	-6.199999999999989	1.3999999999999773	-8.0	5.400000000000006	11.0	-14.799999999999997	-3.6000000000000227	2.2000000000000455	6.199999999999989	12.800000000000011	10.599999999999994	-7.599999999999994	-5.2000000000000455	3.0	20.400000000000006	25.600000000000023	-2.8000000000000114	5.0	13.200000000000045	8.400000000000006	
-6.0	-10.399999999999977	3.2000000000000455	-12.800000000000011	-2.200000000000003	1.7999999999999998	-15.199999999999989	-2.1999999999999886	-0.6000000000000001	-13.600000000000001	-4.400000000000006	-1.2000000000000455	-11.600000000000023	6.199999999999989	7.600000000000023	-12.599999999999994	-5.199999999999989	0.0	-5.800000000000011	14.600000000000023	12.800000000000011	-12.599999999999994	-10.0	3.0	4.199999999999989	20.19999999999999	6.399999999999977	-6.0	1.2000000000000455	16.19999999999999	
45.400000000000006	-5.0	-11.600000000000023	-2.5999999999999943	-5.799999999999997	2.4	3.4000000000000057	-8.800000000000011	-1.2	9.0	-5.800000000000011	2.2000000000000455	1.8000000000000114	-14.400000000000006	32.0	16.599999999999994	-9.0	4.600000000000023	18.0	-24.399999999999977	46.60000000000002	30.400000000000006	-11.0	1.0	47.599999999999994	-23.19999999999999	32.60000000000002	57.2	-23.0	7.199999999999989	
-100.80000000000001	-170.0	213.60000000000002	-77.4	47.0	-1.0	-110.2	8.599999999999994	-0.2	-93.2	-29.19999999999999	57.200000000000045	-149.8	80.4	95.79999999999995	-120.6	-56.19999999999999	89.60000000000002	-189.0	97.19999999999999	214.0	-129.0	-102.60000000000002	146.20000000000005	-189.8	84.60000000000002	285.8	-177.6	-90.79999999999995	329.6	

-73.39999999999998	-49.200000000000045	10.399999999999977	-10.599999999999994	14.0	-5.2	-14.599999999999994	8.400000000000006	-1.8	-13.799999999999997	2.8000000000000114	-15.799999999999955	-29.399999999999977	26.80000000000001	-20.600000000000023	-28.2	-3.6000000000000227	-15.399999999999977	-58.80000000000001	38.39999999999998	-10.600000000000023	-47.8	-19.200000000000045	-7.400000000000091	-94.6	47.799999999999955	13.0	-111.8	-15.399999999999977	32.80000000000001	
-41.39999999999998	-10.799999999999955	-17.600000000000023	-7.799999999999997	4.599999999999994	0.5999999999999996	-12.600000000000001	1.4000000000000057	-0.4	-14.599999999999994	0.8000000000000114	-13.399999999999977	-15.0	6.0	-15.200000000000045	-16.8	0.0	-16.200000000000045	-17.80000000000001	12.800000000000011	-16.399999999999977	-24.2	-3.3999999999999773	-18.200000000000045	-24.600000000000023	22.399999999999977	-14.800000000000011	-42.2	6.7999999999999545	-11.800000000000011	
-36.0	-19.600000000000023	-11.0	-10.799999999999997	2.799999999999997	0.6000000000000001	-14.399999999999999	3.4000000000000057	-0.6	-14.0	-0.4000000000000057	-11.799999999999955	-17.600000000000023	9.400000000000006	-12.399999999999977	-19.0	-2.6000000000000227	-14.600000000000023	-27.80000000000001	16.600000000000023	-8.199999999999989	-25.4	-8.0	-12.599999999999909	-39.39999999999998	25.399999999999977	-2.1999999999999886	-49.8	-6.7999999999999545	2.6000000000000227	
-14.199999999999989	-21.600000000000023	-25.399999999999977	-11.799999999999997	-5.599999999999994	0.2	-11.200000000000003	-7.599999999999994	0.0	-6.400000000000006	-3.5999999999999943	-14.200000000000045	-26.400000000000006	-14.400000000000006	-5.399999999999977	-6.2	-8.600000000000023	-18.600000000000023	-31.19999999999999	-25.19999999999999	6.399999999999977	-8.600000000000001	-14.399999999999977	-21.40000000000009	-28.600000000000023	-32.19999999999999	15.599999999999994	-20.4	-39.0	-8.800000000000011	
-176.39999999999998	-248.39999999999998	102.60000000000002	-78.8	26.0	-0.3999999999999999	-101.8	-8.199999999999989	0.2	-80.80000000000001	-35.599999999999994	-4.2000000000000455	-183.8	46.599999999999994	6.0	-120.0	-71.0	9.399999999999977	-295.6	48.60000000000002	106.60000000000002	-163.0	-135.39999999999998	49.59999999999991	-397.0	9.399999999999977	245.8	-333.8	-207.60000000000002	243.0	

-22.799999999999955	10.199999999999989	25.799999999999955	-51.19999999999999	15.400000000000006	1.0	-58.60000000000002	42.19999999999999	-0.8	-47.39999999999998	40.39999999999998	-16.200000000000003	-66.39999999999998	21.799999999999997	-28.400000000000006	-44.39999999999998	30.19999999999999	2.3999999999999773	-48.0	17.8	3.3999999999999773	-37.0	17.600000000000023	16.799999999999955	-27.399999999999977	7.600000000000001	13.400000000000006	-28.0	12.400000000000006	22.600000000000023	
-27.799999999999955	19.0	-2.3999999999999773	-22.0	27.0	-3.5999999999999996	-25.19999999999999	42.400000000000006	1.0	-21.399999999999977	37.0	-10.200000000000003	-39.60000000000002	26.0	-50.8	-29.0	35.80000000000001	-9.800000000000011	-41.60000000000002	19.4	-34.0	-28.600000000000023	28.0	-4.0	-32.39999999999998	10.799999999999997	-15.599999999999994	-34.799999999999955	20.599999999999994	-7.399999999999977	
-10.0	10.399999999999977	1.3999999999999773	-12.800000000000011	14.0	3.8	-13.199999999999989	25.80000000000001	0.4	-10.800000000000011	18.600000000000023	3.4000000000000057	-18.600000000000023	19.0	-19.80000000000001	-10.399999999999977	15.800000000000011	4.600000000000023	-16.0	14.6	-14.0	-8.600000000000023	13.399999999999977	1.7999999999999545	-15.800000000000011	10.399999999999999	-7.0	-12.799999999999955	12.200000000000003	-1.8000000000000114	
-38.39999999999998	32.19999999999999	29.399999999999977	-68.39999999999998	39.4	0.5999999999999996	-75.39999999999998	89.80000000000001	-0.4	-61.39999999999998	87.19999999999999	-33.4	-103.79999999999995	46.0	-81.6	-64.0	72.0	-8.399999999999977	-84.0	35.4	-26.600000000000023	-57.60000000000002	51.0	16.200000000000045	-55.200000000000045	22.6	9.199999999999989	-55.60000000000002	36.80000000000001	22.19999999999999	
-1.3999999999999773	-27.599999999999994	13.600000000000023	-33.80000000000001	-12.0	-1.4000000000000004	-37.80000000000001	-20.80000000000001	0.2	-31.0	-19.80000000000001	-2.799999999999997	-25.399999999999977	-18.0	25.400000000000006	-23.399999999999977	-27.19999999999999	11.600000000000023	-8.800000000000011	-17.0	32.19999999999999	-10.600000000000023	-27.600000000000023	17.399999999999977	1.3999999999999773	-13.599999999999994	18.19999999999999	-0.7999999999999545	-23.599999999999994	22.19999999999999	

-50.39999999999998	14.0	42.799999999999955	-62.599999999999994	26.6	2.4000000000000004	-80.0	52.599999999999994	0.2	-71.4	50.80000000000001	-21.0	-99.0	30.4	-44.19999999999999	-78.60000000000002	40.39999999999998	2.8000000000000114	-85.39999999999998	24.0	2.3999999999999773	-73.0	23.80000000000001	29.799999999999955	-59.60000000000002	16.8	27.599999999999994	-62.799999999999955	20.19999999999999	44.200000000000045	
-32.200000000000045	25.80000000000001	3.0	-19.599999999999994	25.6	-5.0	-20.19999999999999	49.19999999999999	1.8	-22.400000000000006	42.0	-12.199999999999989	-39.60000000000002	33.4	-65.2	-30.0	40.39999999999998	-12.0	-48.39999999999998	29.799999999999997	-48.19999999999999	-33.80000000000001	33.19999999999999	-5.7999999999999545	-43.39999999999998	18.0	-19.400000000000006	-43.60000000000002	27.80000000000001	-9.800000000000011	
-10.799999999999955	13.399999999999977	10.600000000000023	-16.0	24.200000000000003	2.0	-17.0	33.80000000000001	-2.0	-16.80000000000001	22.600000000000023	5.599999999999994	-26.399999999999977	27.0	-25.0	-16.19999999999999	19.600000000000023	9.199999999999989	-26.399999999999977	21.799999999999997	-14.199999999999989	-15.0	15.199999999999989	9.600000000000023	-19.399999999999977	13.399999999999999	-2.4000000000000057	-16.0	16.599999999999994	4.600000000000023	
-37.200000000000045	52.60000000000002	-5.399999999999977	3.8000000000000114	40.0	2.5999999999999996	5.199999999999989	92.39999999999998	0.3999999999999999	1.8000000000000114	91.80000000000001	-48.400000000000006	-45.80000000000001	48.6	-142.6	-20.0	89.0	-39.80000000000001	-64.20000000000005	41.2	-98.6	-34.19999999999999	73.19999999999999	-23.0	-54.200000000000045	25.6	-34.400000000000006	-53.0	51.80000000000001	-28.0	
11.799999999999955	-32.19999999999999	13.799999999999955	-21.80000000000001	-16.799999999999997	-0.7999999999999998	-25.0	-25.400000000000006	-0.4	-18.0	-28.0	4.800000000000011	-15.800000000000011	-22.799999999999997	26.400000000000006	-10.800000000000011	-32.80000000000001	13.800000000000011	-0.39999999999997726	-20.8	35.39999999999998	-2.6000000000000227	-32.80000000000001	19.200000000000045	10.0	-16.6	24.400000000000006	11.0	-30.200000000000003	25.19999999999999	

-89.20000000000005	60.80000000000001	18.0	-33.6	30.200000000000003	-4.4	-41.2	97.6	-2.6	-46.599999999999994	112.39999999999998	-87.4	-103.60000000000002	42.8	-181.6	-82.80000000000001	109.39999999999998	-72.19999999999999	-132.60000000000002	39.4	-120.2	-102.80000000000001	88.39999999999998	-27.0	-116.39999999999998	28.200000000000003	-30.200000000000003	-121.60000000000002	59.599999999999994	-12.199999999999989	
-38.60000000000002	47.0	-13.600000000000023	13.0	23.599999999999994	2.0	5.800000000000001	59.80000000000001	1.6	-2.4000000000000057	57.0	-23.599999999999994	-17.19999999999999	35.8	-105.8	-16.0	63.60000000000002	-29.80000000000001	-46.39999999999998	31.6	-100.6	-31.600000000000023	59.80000000000001	-25.399999999999977	-54.19999999999999	26.0	-54.4	-54.200000000000045	47.599999999999994	-43.0	
-18.0	29.0	-1.6000000000000227	3.6000000000000014	25.4	0.5999999999999996	0.3999999999999986	42.400000000000006	1.4	-4.200000000000003	37.0	-1.0	-11.0	34.599999999999994	-56.599999999999994	-8.800000000000011	40.39999999999998	-5.0	-25.80000000000001	29.4	-51.400000000000006	-14.600000000000023	37.39999999999998	-3.3999999999999773	-31.0	21.200000000000003	-24.599999999999994	-28.600000000000023	34.400000000000006	-17.80000000000001	
-22.200000000000045	67.19999999999999	-66.0	66.8	5.0	-2.8	78.2	51.80000000000001	-1.0	56.6	63.19999999999999	-47.0	38.400000000000006	13.0	-148.0	32.400000000000006	76.80000000000001	-69.39999999999998	-12.800000000000011	11.8	-159.6	0.6000000000000227	75.19999999999999	-76.20000000000005	-39.39999999999998	11.600000000000001	-95.4	-39.799999999999955	48.19999999999999	-100.4	
-20.799999999999955	-39.60000000000002	40.799999999999955	-52.599999999999994	-9.0	-1.2000000000000002	-65.6	-9.599999999999994	-1.2	-53.400000000000006	-11.800000000000011	-14.0	-68.39999999999998	-12.800000000000011	6.400000000000006	-56.599999999999994	-20.0	11.0	-50.0	-11.8	47.19999999999999	-41.39999999999998	-31.80000000000001	32.799999999999955	-19.399999999999977	-12.799999999999997	45.400000000000006	-21.600000000000023	-27.400000000000006	55.19999999999999	

-18.80000000000001	109.39999999999998	-36.60000000000002	75.4	44.4	0.3999999999999999	77.6	90.6	-1.0	49.0	88.0	-4.199999999999989	67.0	65.0	-156.0	38.6	109.80000000000001	-29.19999999999999	5.199999999999989	66.4	-196.4	9.599999999999994	117.0	-41.799999999999955	-45.19999999999999	51.8	-134.0	-38.19999999999999	108.39999999999998	-106.2	
-23.19999999999999	58.0	-32.19999999999999	25.799999999999997	21.799999999999997	-0.20000000000000018	22.799999999999997	43.19999999999999	-0.6	7.800000000000001	39.400000000000006	-1.3999999999999773	26.2	34.0	-75.0	7.600000000000001	52.19999999999999	-16.600000000000023	-0.4000000000000057	33.4	-108.8	-4.0	62.60000000000002	-28.799999999999955	-34.0	26.8	-80.0	-29.399999999999977	58.19999999999999	-69.80000000000001	
-14.600000000000023	29.600000000000023	-2.3999999999999773	4.0	22.400000000000006	-2.4	2.0	35.599999999999994	2.6	-7.199999999999999	26.0	2.3999999999999773	-0.3999999999999986	32.8	-39.599999999999994	-8.399999999999999	30.80000000000001	0.6000000000000227	-10.800000000000011	32.6	-48.4	-10.800000000000011	33.80000000000001	-1.3999999999999773	-22.19999999999999	26.799999999999997	-34.2	-20.600000000000023	39.0	-20.80000000000001	
-5.800000000000011	41.19999999999999	-57.39999999999998	42.400000000000006	-1.7999999999999972	-3.6	52.400000000000006	12.400000000000006	-1.0	40.8	24.0	-19.19999999999999	48.6	-7.0	-61.599999999999994	37.6	36.39999999999998	-38.80000000000001	17.400000000000006	-8.8	-95.6	16.0	43.39999999999998	-59.0	-7.0	-5.600000000000001	-71.6	-9.399999999999977	26.19999999999999	-84.2	
-7.600000000000023	-40.80000000000001	33.60000000000002	-26.4	-13.599999999999994	-3.4	-29.400000000000006	-19.799999999999997	1.4	-25.8	-23.599999999999994	-2.0	-36.0	-13.400000000000006	11.400000000000006	-28.4	-29.19999999999999	9.0	-25.599999999999994	-14.0	36.599999999999994	-20.80000000000001	-34.0	24.200000000000045	-4.0	-15.200000000000003	33.2	-7.399999999999977	-29.0	42.19999999999999	

18.80000000000001	82.80000000000001	-59.80000000000001	64.4	12.399999999999999	-1.7999999999999998	73.19999999999999	35.599999999999994	-0.6	51.80000000000001	36.400000000000006	13.600000000000023	95.80000000000001	22.400000000000006	-69.0	60.599999999999994	57.60000000000002	-10.199999999999989	64.8	26.4	-134.6	50.2	72.0	-40.200000000000045	13.399999999999977	18.8	-124.4	20.399999999999977	72.39999999999998	-119.0	
17.0	50.19999999999999	-55.80000000000001	34.80000000000001	0.20000000000000284	1.2000000000000002	36.80000000000001	10.599999999999994	1.4	23.599999999999994	8.800000000000011	13.399999999999977	60.400000000000006	4.400000000000006	-28.400000000000006	36.599999999999994	24.0	-5.399999999999977	52.4	5.2	-84.6	37.0	40.39999999999998	-33.39999999999998	16.0	4.799999999999997	-91.19999999999999	20.600000000000023	38.0	-93.0	
5.0	39.0	-23.19999999999999	18.400000000000006	13.599999999999994	2.0	13.800000000000011	22.799999999999997	0.4	5.799999999999997	18.0	11.600000000000023	32.400000000000006	22.799999999999997	-27.0	11.799999999999997	27.0	4.0	23.400000000000006	25.8	-62.6	13.0	36.0	-8.600000000000023	4.600000000000023	21.200000000000003	-64.19999999999999	5.800000000000011	43.0	-51.6	
8.0	45.19999999999999	-57.19999999999999	26.19999999999999	0.7999999999999972	-4.2	32.80000000000001	9.799999999999997	-0.8	24.0	16.80000000000001	0.6000000000000227	46.599999999999994	0.20000000000000284	-28.599999999999994	30.0	27.600000000000023	-16.0	36.0	0.0	-72.6	25.6	37.0	-40.39999999999998	5.600000000000023	2.3999999999999986	-74.4	9.800000000000011	30.400000000000006	-86.4	
-18.0	-1.8000000000000114	44.0	-3.799999999999997	15.0	-1.2000000000000002	-13.400000000000006	21.200000000000003	-0.4	-20.799999999999997	11.400000000000006	2.3999999999999773	-22.6	28.200000000000003	-31.80000000000001	-27.4	9.600000000000023	13.399999999999977	-32.599999999999994	32.8	-12.799999999999997	-29.599999999999994	4.800000000000011	32.0	-26.80000000000001	26.0	7.400000000000006	-27.0	19.19999999999999	40.2	

60.400000000000006	37.39999999999998	-26.80000000000001	24.80000000000001	1.0	3.0	30.0	1.4000000000000057	0.6	25.80000000000001	1.1999999999999886	30.399999999999977	56.0	1.5999999999999943	22.0	43.0	7.199999999999989	22.19999999999999	73.6	-1.3999999999999986	-10.799999999999997	61.599999999999994	20.200000000000045	1.2000000000000455	65.4	-1.0	-47.0	74.80000000000001	21.600000000000023	-52.19999999999999	
59.39999999999998	54.799999999999955	-22.0	24.0	12.599999999999994	0.3999999999999999	22.599999999999994	12.0	0.0	12.599999999999994	8.199999999999989	37.60000000000002	61.400000000000006	20.599999999999994	9.399999999999977	33.80000000000001	17.0	32.19999999999999	80.0	24.2	-38.4	54.400000000000006	33.60000000000002	10.799999999999955	68.0	24.799999999999997	-85.39999999999998	72.6	53.39999999999998	-64.0	
36.39999999999998	34.0	-9.0	13.199999999999989	10.0	-1.7999999999999998	9.199999999999989	9.599999999999994	0.19999999999999996	4.400000000000006	4.400000000000006	24.600000000000023	33.599999999999994	18.200000000000003	7.199999999999989	16.599999999999994	11.800000000000011	22.19999999999999	46.400000000000006	20.8	-20.6	30.0	19.600000000000023	14.200000000000045	37.400000000000006	21.2	-44.80000000000001	43.400000000000006	37.0	-30.0	
83.0	40.799999999999955	-37.19999999999999	33.0	8.0	-0.6000000000000001	38.19999999999999	3.799999999999997	2.0	33.599999999999994	1.8000000000000114	41.19999999999999	71.19999999999999	5.599999999999994	37.60000000000002	59.400000000000006	8.0	34.39999999999998	96.4	3.0	-4.399999999999999	82.6	22.600000000000023	4.0	92.4	-1.0	-49.39999999999998	105.19999999999999	28.600000000000023	-59.0	
-18.0	-10.200000000000045	86.39999999999998	-7.199999999999989	21.6	-4.6	-24.400000000000006	24.80000000000001	0.6	-30.799999999999997	5.599999999999994	21.0	-17.80000000000001	48.599999999999994	-14.599999999999994	-39.400000000000006	6.0	38.39999999999998	-27.0	64.0	-1.7999999999999972	-38.6	-0.20000000000004547	67.60000000000002	-23.599999999999994	59.8	13.800000000000011	-26.80000000000001	39.80000000000001	79.4	

9.400000000000006	7.2000000000000455	-0.8000000000000114	6.0	0.8000000000000007	1.6	5.800000000000011	0.4000000000000057	-0.19999999999999996	2.5999999999999943	-1.4000000000000057	3.7999999999999545	11.600000000000023	5.399999999999999	5.600000000000023	5.599999999999994	-0.6000000000000227	5.2000000000000455	22.80000000000001	9.0	-3.8000000000000007	10.800000000000011	1.7999999999999545	3.2000000000000455	23.6	11.0	-19.80000000000001	22.400000000000006	16.399999999999977	-10.199999999999989	
8.599999999999994	10.200000000000045	-2.6000000000000227	-11.199999999999989	6.199999999999999	-0.8	-13.400000000000006	1.8000000000000114	-0.6	-15.400000000000006	-2.0	6.0	0.39999999999997726	8.200000000000003	14.199999999999989	-8.800000000000011	-3.1999999999999886	10.200000000000045	19.399999999999977	12.799999999999997	6.6	2.1999999999999886	2.0	11.200000000000045	30.8	17.200000000000003	-19.80000000000001	26.400000000000006	21.0	-4.599999999999994	
-0.19999999999998863	5.2000000000000455	9.399999999999977	-5.199999999999989	2.1999999999999993	-0.19999999999999996	-11.0	0.5999999999999943	0.19999999999999996	-10.200000000000003	-3.4000000000000057	4.399999999999977	1.3999999999999773	7.800000000000001	6.199999999999989	-8.800000000000011	-2.0	8.399999999999977	10.199999999999989	14.400000000000006	0.40000000000000036	-3.1999999999999886	1.6000000000000227	11.600000000000023	18.6	15.799999999999997	-14.800000000000011	10.0	18.600000000000023	-0.8000000000000114	
27.400000000000006	-4.399999999999977	-8.399999999999977	-7.800000000000011	2.3999999999999986	0.7999999999999998	-5.599999999999994	-1.8000000000000114	-0.4	-1.7999999999999972	-4.800000000000011	9.600000000000023	-2.3999999999999773	-0.3999999999999986	29.399999999999977	5.599999999999994	-9.399999999999977	11.799999999999955	14.399999999999977	-1.2000000000000028	34.4	16.400000000000006	-10.399999999999977	9.600000000000023	30.0	-3.8000000000000007	16.80000000000001	38.6	-7.800000000000011	9.400000000000006	
-80.39999999999998	-47.60000000000002	78.60000000000002	-5.599999999999994	8.399999999999999	1.2	-26.19999999999999	8.0	-0.2	-31.0	-6.400000000000006	-9.800000000000011	-31.600000000000023	33.0	-48.0	-56.400000000000006	-6.800000000000011	-1.2000000000000455	-63.80000000000001	58.599999999999994	-42.0	-77.2	-20.200000000000045	33.200000000000045	-92.8	68.0	2.6000000000000227	-106.4	25.600000000000023	80.8	

-2.5999999999999943	0.7999999999999545	56.19999999999999	-11.400000000000006	11.6	1.2	-22.19999999999999	10.0	0.8	-23.4	-1.0	13.799999999999955	-8.800000000000011	31.2	20.19999999999999	-24.0	-2.0	27.200000000000045	11.0	50.0	27.599999999999994	-19.19999999999999	-2.2000000000000455	44.0	39.0	62.8	8.799999999999955	11.200000000000003	48.0	58.19999999999999	
14.400000000000006	6.0	25.400000000000006	-12.800000000000011	7.800000000000001	1.8	-20.599999999999994	2.0	-1.8	-18.799999999999997	-2.1999999999999886	11.600000000000023	-6.800000000000011	17.0	24.19999999999999	-14.800000000000011	-4.0	21.200000000000045	17.600000000000023	26.400000000000006	31.6	-3.8000000000000114	-3.3999999999999773	29.0	46.400000000000006	33.8	7.600000000000023	37.400000000000006	32.0	31.600000000000023	
12.800000000000011	-1.6000000000000227	58.599999999999994	-4.800000000000011	14.2	3.4	-12.800000000000011	11.800000000000011	0.0	-13.399999999999999	0.19999999999998863	18.0	-1.3999999999999773	29.6	26.0	-14.400000000000006	-0.6000000000000227	29.799999999999955	15.800000000000011	47.400000000000006	34.400000000000006	-8.199999999999989	-2.2000000000000455	45.39999999999998	39.400000000000006	60.0	20.200000000000045	22.799999999999997	41.0	62.80000000000001	
79.2	-27.600000000000023	23.19999999999999	-11.0	3.0	0.3999999999999999	-3.8000000000000114	-8.599999999999994	-1.2	5.799999999999997	-12.0	22.600000000000023	-9.199999999999989	-3.8000000000000007	62.0	15.400000000000006	-21.600000000000023	31.200000000000045	12.199999999999989	-14.400000000000006	98.4	37.80000000000001	-29.399999999999977	32.799999999999955	63.80000000000001	-24.0	90.39999999999998	86.4	-45.799999999999955	66.0	
-100.6	-65.60000000000002	146.60000000000002	-13.0	25.4	-3.4	-41.19999999999999	21.19999999999999	-1.8	-46.2	-1.4000000000000057	13.200000000000045	-33.80000000000001	64.8	-18.19999999999999	-70.8	-5.800000000000011	30.200000000000045	-63.80000000000001	110.0	-1.4000000000000057	-96.8	-23.799999999999955	75.79999999999995	-91.0	142.4	37.39999999999998	-134.0	54.39999999999998	163.39999999999998	

-129.60000000000002	-146.79999999999995	15.0	-37.6	-2.1999999999999993	1.4	-44.8	-11.800000000000011	0.0	-33.599999999999994	-19.19999999999999	-21.19999999999999	-84.0	-1.3999999999999986	-25.80000000000001	-58.599999999999994	-34.39999999999998	-22.80000000000001	-144.2	3.8000000000000114	-14.199999999999989	-91.4	-69.60000000000002	-13.799999999999955	-241.4	8.800000000000011	30.600000000000023	-235.79999999999995	-97.0	54.80000000000001	
-69.60000000000002	-93.79999999999995	-10.199999999999989	-33.6	0.1999999999999993	1.0	-39.6	-11.800000000000011	0.8	-30.200000000000003	-16.400000000000006	-12.399999999999977	-60.400000000000006	-1.3999999999999986	-8.0	-40.2	-27.600000000000023	-15.200000000000045	-82.4	-3.1999999999999886	2.5999999999999943	-51.80000000000001	-48.200000000000045	-12.200000000000045	-123.6	-3.0	9.399999999999977	-122.0	-63.0	17.600000000000023	
-68.39999999999998	-91.0	19.400000000000006	-31.6	2.3999999999999986	0.0	-38.6	-5.599999999999994	0.6	-27.799999999999997	-12.199999999999989	-7.399999999999977	-58.599999999999994	6.0	-2.3999999999999773	-43.2	-24.19999999999999	-6.7999999999999545	-84.80000000000001	12.800000000000011	14.599999999999994	-54.599999999999994	-45.200000000000045	2.6000000000000227	-121.6	12.800000000000011	34.39999999999998	-122.39999999999998	-54.60000000000002	54.60000000000002	
-58.39999999999998	-123.0	0.0	-43.2	-5.0	-0.3999999999999999	-43.4	-20.19999999999999	0.6	-25.200000000000003	-22.80000000000001	-11.399999999999977	-89.80000000000001	-18.2	16.80000000000001	-38.8	-41.0	-11.399999999999977	-127.6	-34.19999999999999	62.8	-50.0	-73.0	-8.600000000000023	-155.6	-53.19999999999999	109.60000000000002	-125.60000000000002	-133.39999999999998	69.39999999999998	
32.80000000000001	-126.39999999999998	116.80000000000001	-0.7999999999999972	11.0	-3.2	-15.799999999999997	4.0	1.0	-19.200000000000003	-10.199999999999989	2.0	-19.400000000000006	38.8	-25.80000000000001	-27.6	-22.19999999999999	20.600000000000023	-61.80000000000001	74.0	-7.599999999999994	-31.0	-56.0	61.0	-108.4	86.80000000000001	71.0	-82.4	-55.200000000000045	184.39999999999998	

-15.0	13.799999999999997	8.600000000000023	-27.19999999999999	-6.0	1.4	-37.0	22.80000000000001	-0.2	-30.19999999999999	39.2	-44.2	-40.19999999999999	-1.0	-39.19999999999999	-32.19999999999999	30.80000000000001	-19.0	-29.399999999999977	3.5999999999999943	-14.800000000000011	-23.0	22.0	-0.6000000000000227	-16.0	6.599999999999994	-1.6000000000000227	-18.0	11.399999999999999	4.199999999999989	
-37.60000000000002	16.400000000000006	-12.399999999999977	-30.599999999999994	-1.3999999999999773	1.2	-36.0	19.19999999999999	-0.4	-32.0	33.400000000000006	-45.8	-46.60000000000002	-3.6000000000000227	-49.80000000000001	-39.0	27.19999999999999	-36.0	-45.0	0.0	-34.80000000000001	-40.39999999999998	20.19999999999999	-23.0	-33.19999999999999	-0.19999999999998863	-14.399999999999977	-44.0	7.799999999999997	-15.199999999999989	
-12.600000000000023	17.80000000000001	-1.0	-16.0	14.199999999999989	2.4	-19.80000000000001	29.0	1.8	-14.0	32.400000000000006	-4.400000000000006	-24.399999999999977	17.80000000000001	-29.0	-14.399999999999977	25.400000000000006	-3.1999999999999886	-20.80000000000001	14.800000000000011	-16.399999999999977	-13.0	20.80000000000001	-0.20000000000004547	-18.19999999999999	8.199999999999989	-7.800000000000011	-16.600000000000023	16.200000000000003	-4.399999999999977	
-34.60000000000002	22.0	-11.0	-22.80000000000001	-10.0	2.8	-29.399999999999977	19.400000000000006	1.6	-23.0	47.8	-71.6	-44.39999999999998	-8.0	-62.39999999999998	-38.19999999999999	39.80000000000001	-50.80000000000001	-43.0	-4.400000000000006	-35.19999999999999	-40.0	30.599999999999994	-26.200000000000045	-32.0	0.5999999999999943	-8.800000000000011	-39.39999999999998	11.799999999999997	-16.19999999999999	
0.39999999999997726	-13.799999999999997	22.200000000000045	-33.19999999999999	-7.399999999999977	-1.0	-48.0	-7.599999999999994	0.6	-45.19999999999999	-4.799999999999997	0.7999999999999972	-29.600000000000023	-4.600000000000023	11.399999999999977	-30.399999999999977	-11.599999999999994	21.19999999999999	-14.0	-2.1999999999999886	23.200000000000045	-14.199999999999989	-12.400000000000006	27.200000000000045	-4.600000000000023	-2.5999999999999943	20.399999999999977	-3.7999999999999545	-7.599999999999994	25.200000000000045	

-42.200000000000045	33.400000000000006	31.600000000000023	-53.19999999999999	18.80000000000001	-0.2	-67.80000000000001	57.6	3.8	-61.60000000000002	70.80000000000001	-41.8	-82.39999999999998	28.19999999999999	-58.0	-67.0	60.80000000000001	-12.199999999999989	-69.60000000000002	29.0	-16.80000000000001	-57.39999999999998	46.0	16.0	-46.39999999999998	22.599999999999994	6.800000000000011	-51.60000000000002	36.4	22.600000000000023	
-45.799999999999955	28.400000000000006	-12.0	-22.0	2.5999999999999943	-0.6	-28.0	35.6	-0.8	-26.0	49.599999999999994	-52.4	-53.60000000000002	5.0	-76.4	-40.80000000000001	47.80000000000001	-46.400000000000006	-58.200000000000045	7.0	-55.0	-48.60000000000002	39.60000000000002	-26.200000000000045	-49.0	7.199999999999989	-21.400000000000006	-53.39999999999998	21.2	-20.80000000000001	
-13.200000000000045	14.199999999999989	5.399999999999977	-11.599999999999994	15.0	-1.2	-14.199999999999989	28.4	1.0	-15.399999999999977	27.0	0.0	-23.600000000000023	17.399999999999977	-25.400000000000006	-15.0	24.599999999999994	-1.0	-23.19999999999999	12.0	-19.399999999999977	-16.0	20.600000000000023	0.20000000000004547	-19.399999999999977	8.400000000000006	-11.199999999999989	-20.0	15.8	-4.199999999999989	
-69.60000000000002	13.400000000000006	-17.399999999999977	-32.0	-34.60000000000002	-2.8	-40.80000000000001	3.6000000000000014	0.6	-37.19999999999999	45.0	-114.19999999999999	-72.39999999999998	-36.80000000000001	-91.4	-67.39999999999998	38.599999999999994	-94.8	-75.20000000000005	-24.0	-49.39999999999998	-77.39999999999998	28.19999999999999	-53.799999999999955	-59.39999999999998	-10.800000000000011	-10.0	-74.39999999999998	0.19999999999999996	-22.399999999999977	
13.0	-19.19999999999999	16.600000000000023	-8.599999999999994	-2.4000000000000057	-2.0	-14.0	-11.200000000000003	-1.0	-13.800000000000011	-20.599999999999994	24.0	-2.0	-3.6000000000000227	27.19999999999999	-1.8000000000000114	-24.19999999999999	28.19999999999999	9.199999999999989	-3.1999999999999886	25.80000000000001	8.199999999999989	-22.0	25.0	9.0	-5.599999999999994	14.0	15.600000000000023	-12.600000000000001	19.399999999999977	

-99.0	34.80000000000001	-26.600000000000023	-18.0	-33.19999999999999	-1.4	-21.200000000000003	13.599999999999994	-1.4	-22.599999999999994	65.0	-148.2	-76.19999999999999	-40.60000000000002	-147.4	-70.60000000000002	65.80000000000001	-135.2	-98.19999999999999	-30.19999999999999	-99.4	-99.80000000000001	52.0	-82.20000000000005	-86.20000000000005	-15.199999999999989	-28.0	-108.79999999999995	11.6	-42.0	
-56.60000000000002	50.80000000000001	-22.19999999999999	-9.599999999999994	11.0	-1.4	-10.400000000000006	53.0	-1.4	-14.199999999999989	69.0	-64.6	-42.0	11.600000000000023	-112.80000000000001	-36.39999999999998	74.0	-64.6	-62.80000000000001	13.800000000000011	-93.4	-55.60000000000002	64.80000000000001	-44.39999999999998	-63.19999999999999	13.599999999999994	-44.0	-71.79999999999995	39.6	-43.19999999999999	
-50.39999999999998	37.599999999999994	12.0	-35.19999999999999	16.400000000000006	0.19999999999999996	-46.80000000000001	51.6	-1.2	-47.80000000000001	62.0	-52.0	-69.60000000000002	24.80000000000001	-79.4	-61.80000000000001	60.599999999999994	-33.599999999999994	-73.19999999999999	25.19999999999999	-48.39999999999998	-65.0	51.0	-5.7999999999999545	-58.0	23.19999999999999	-12.0	-65.79999999999995	38.6	0.8000000000000114	
-49.200000000000045	41.19999999999999	-64.0	28.4	-26.399999999999977	1.0	44.6	12.400000000000006	0.0	39.8	46.2	-90.8	3.8000000000000114	-33.19999999999999	-112.6	3.8000000000000114	54.0	-107.2	-29.600000000000023	-27.400000000000006	-108.4	-30.80000000000001	49.19999999999999	-95.60000000000002	-41.60000000000002	-14.199999999999989	-58.8	-56.0	11.200000000000003	-80.80000000000001	
-15.799999999999955	2.5999999999999943	61.39999999999998	-43.19999999999999	8.599999999999994	-1.0	-60.599999999999994	20.799999999999997	0.6	-58.0	20.799999999999997	-12.399999999999999	-61.19999999999999	21.19999999999999	-11.400000000000006	-58.19999999999999	14.800000000000011	21.80000000000001	-44.0	22.599999999999994	23.0	-41.60000000000002	6.0	51.0	-22.600000000000023	20.400000000000006	31.0	-23.399999999999977	16.4	55.0	

-11.600000000000023	35.19999999999999	-150.2	76.8	-39.0	1.6	112.6	-23.0	-1.2	103.2	13.0	-49.400000000000006	86.8	-68.39999999999998	-89.0	91.4	28.400000000000006	-109.2	39.599999999999994	-72.39999999999998	-141.0	41.0	36.0	-152.2	-5.199999999999989	-56.60000000000002	-105.2	-14.799999999999955	-19.4	-168.6	
-5.399999999999977	63.19999999999999	-88.4	46.2	5.400000000000006	-0.20000000000000018	59.599999999999994	28.200000000000003	0.8	50.2	42.400000000000006	-16.400000000000006	53.400000000000006	-1.8000000000000114	-83.4	46.0	59.0	-47.80000000000001	20.0	-5.800000000000011	-123.6	25.0	64.80000000000001	-78.0	-18.80000000000001	-7.199999999999989	-96.6	-15.600000000000023	33.6	-119.0	
1.3999999999999773	49.0	-42.19999999999999	37.4	9.400000000000006	-3.0	45.599999999999994	32.6	1.6	35.2	39.80000000000001	-6.0	38.0	11.600000000000023	-60.599999999999994	34.4	50.599999999999994	-27.0	14.399999999999977	8.599999999999994	-87.0	18.400000000000006	53.60000000000002	-40.19999999999999	-9.199999999999989	7.199999999999989	-65.8	-5.600000000000023	36.2	-72.0	
-5.399999999999977	41.19999999999999	-68.19999999999999	40.8	-5.400000000000006	-1.7999999999999998	56.0	17.4	-0.4	48.8	32.8	-23.80000000000001	44.2	-7.600000000000023	-61.19999999999999	42.4	41.19999999999999	-49.0	16.80000000000001	-12.199999999999989	-86.0	19.80000000000001	46.60000000000002	-64.19999999999999	-8.0	-10.599999999999994	-59.0	-9.399999999999977	18.0	-83.2	
-21.200000000000045	4.400000000000006	29.399999999999977	-9.399999999999999	-1.5999999999999943	-1.6	-16.6	10.200000000000003	-2.4	-22.4	12.799999999999997	-17.19999999999999	-29.400000000000006	6.0	-35.599999999999994	-34.2	13.400000000000006	-4.599999999999994	-31.399999999999977	10.0	-18.19999999999999	-35.599999999999994	11.399999999999977	16.799999999999955	-24.0	12.199999999999989	0.6000000000000014	-28.0	15.600000000000001	16.80000000000001	

-15.799999999999955	61.80000000000001	-103.8	57.0	-15.199999999999989	0.6000000000000001	78.4	11.399999999999999	-1.0	65.8	37.19999999999999	-45.400000000000006	64.2	-30.0	-100.19999999999999	55.8	53.60000000000002	-80.19999999999999	23.0	-33.599999999999994	-139.2	23.599999999999994	63.19999999999999	-109.39999999999998	-19.0	-30.0	-102.80000000000001	-25.799999999999955	17.8	-138.6	
0.20000000000004547	49.39999999999998	-72.4	30.0	-1.0	1.8	39.2	14.600000000000001	-0.8	30.4	23.200000000000003	-9.599999999999994	41.6	-5.0	-51.0	36.4	35.400000000000006	-30.400000000000006	25.400000000000006	-12.199999999999989	-89.0	27.400000000000006	44.39999999999998	-57.80000000000001	-2.0	-11.599999999999994	-81.0	-0.39999999999997726	21.6	-101.6	
9.600000000000023	31.600000000000023	-23.19999999999999	20.8	4.0	-4.4	22.0	16.2	-2.0	15.399999999999999	18.599999999999994	2.1999999999999886	26.6	9.800000000000011	-26.19999999999999	19.0	24.599999999999994	-6.599999999999994	17.19999999999999	7.400000000000006	-48.0	16.400000000000006	29.399999999999977	-16.19999999999999	-0.19999999999998863	6.0	-41.0	6.199999999999989	22.799999999999997	-42.4	
7.800000000000011	32.80000000000001	-65.2	34.6	-5.0	-5.8	49.2	8.0	-1.2	43.2	20.799999999999997	-15.0	44.4	-13.600000000000023	-37.0	44.4	27.599999999999994	-35.80000000000001	27.400000000000006	-17.0	-63.8	29.200000000000003	33.80000000000001	-59.19999999999999	5.399999999999977	-15.599999999999994	-54.599999999999994	4.399999999999977	7.8	-80.0	
-10.399999999999977	7.600000000000023	22.599999999999994	1.8000000000000007	-1.4000000000000057	1.2	-0.6000000000000014	8.600000000000001	-0.4	-10.2	9.400000000000006	-4.400000000000006	-6.599999999999994	5.800000000000011	-35.19999999999999	-17.6	13.800000000000011	0.4000000000000057	-15.199999999999989	12.400000000000006	-32.400000000000006	-19.0	14.399999999999977	15.0	-17.19999999999999	11.599999999999994	-14.0	-16.0	19.8	5.8	

-10.600000000000023	65.19999999999999	-90.0	46.2	-12.0	-0.6000000000000001	62.0	14.2	1.0	51.2	33.599999999999994	-26.80000000000001	56.4	-18.0	-76.0	50.2	46.80000000000001	-55.19999999999999	29.0	-25.400000000000006	-120.0	28.799999999999997	62.60000000000002	-84.80000000000001	-11.199999999999989	-19.19999999999999	-99.60000000000002	-11.399999999999977	24.799999999999997	-128.6	
-5.600000000000023	33.80000000000001	-53.4	8.399999999999999	-1.1999999999999886	4.0	16.799999999999997	9.0	2.2	10.600000000000001	15.800000000000011	-10.400000000000006	19.8	-4.0	-34.80000000000001	14.600000000000001	22.600000000000023	-24.80000000000001	11.400000000000006	-10.0	-62.2	10.599999999999994	30.0	-43.0	-8.0	-11.400000000000006	-57.0	-7.600000000000023	16.0	-75.80000000000001	
18.600000000000023	35.0	-41.400000000000006	22.0	6.400000000000006	0.7999999999999998	29.200000000000003	15.0	-0.19999999999999996	21.0	18.19999999999999	4.400000000000006	37.6	3.6000000000000227	-24.80000000000001	30.6	25.80000000000001	-5.599999999999994	33.0	1.1999999999999886	-52.2	32.2	32.19999999999999	-24.0	14.199999999999989	0.8000000000000114	-53.19999999999999	19.799999999999955	21.4	-65.4	
49.200000000000045	39.39999999999998	-103.8	39.8	-1.1999999999999886	2.2	50.2	4.399999999999999	0.8	47.599999999999994	12.199999999999989	6.800000000000011	62.8	-10.199999999999989	-15.0	68.0	17.399999999999977	-19.400000000000006	62.400000000000006	-22.599999999999994	-58.6	69.8	29.19999999999999	-62.19999999999999	39.39999999999998	-27.599999999999994	-78.80000000000001	50.39999999999998	0.20000000000000284	-118.19999999999999	
-16.0	33.0	41.0	11.8	10.800000000000011	2.6	6.400000000000006	29.0	0.6000000000000001	-6.0	28.19999999999999	-6.800000000000011	0.7999999999999972	22.19999999999999	-52.599999999999994	-19.2	38.39999999999998	1.1999999999999886	-18.599999999999994	28.400000000000006	-49.6	-28.0	40.39999999999998	22.19999999999999	-25.19999999999999	28.400000000000006	-23.19999999999999	-28.0	50.4	12.599999999999994	

108.60000000000002	145.60000000000002	-20.80000000000001	53.599999999999994	34.0	-0.20000000000000018	56.39999999999998	55.8	1.4	33.599999999999994	52.400000000000006	62.19999999999999	105.60000000000002	46.400000000000006	-10.0	64.0	78.80000000000001	58.60000000000002	124.0	39.80000000000001	-80.80000000000001	97.80000000000001	112.39999999999998	26.19999999999999	102.19999999999999	27.19999999999999	-122.60000000000002	130.0	113.80000000000001	-118.0	
80.19999999999999	58.200000000000045	-34.80000000000001	13.800000000000011	13.400000000000006	-4.4	11.800000000000011	16.4	-0.19999999999999996	3.8000000000000114	12.0	34.0	43.19999999999999	17.19999999999999	16.599999999999994	32.0	19.399999999999977	35.0	68.8	11.599999999999994	-18.19999999999999	62.0	34.39999999999998	14.800000000000011	69.4	-5.399999999999977	-62.799999999999955	90.80000000000001	33.599999999999994	-67.60000000000002	
40.60000000000002	46.39999999999998	16.400000000000006	7.599999999999994	18.19999999999999	-0.6000000000000001	4.599999999999994	23.599999999999994	0.4	-2.0	15.199999999999989	27.600000000000023	28.400000000000006	28.599999999999994	4.599999999999994	9.400000000000006	22.19999999999999	32.80000000000001	41.8	29.599999999999994	-16.80000000000001	25.19999999999999	32.799999999999955	31.19999999999999	43.80000000000001	25.0	-33.60000000000002	49.39999999999998	50.0	-20.0	
161.60000000000002	56.0	-12.0	24.80000000000001	25.200000000000003	1.6	28.19999999999999	25.400000000000006	-0.19999999999999996	21.0	13.400000000000006	76.60000000000002	74.39999999999998	33.400000000000006	67.6	61.599999999999994	17.399999999999977	84.19999999999999	118.6	26.19999999999999	38.599999999999994	119.80000000000001	29.799999999999955	61.39999999999998	138.8	5.800000000000011	-26.0	179.0	33.80000000000001	-34.60000000000002	
10.199999999999989	63.200000000000045	123.2	19.400000000000006	35.8	2.6	4.400000000000006	51.8	0.8	-15.599999999999994	37.19999999999999	40.39999999999998	31.80000000000001	66.4	-26.599999999999994	-21.19999999999999	51.19999999999999	60.60000000000002	26.400000000000006	86.4	-47.0	-17.400000000000006	63.0	90.80000000000001	18.599999999999994	87.19999999999999	-40.200000000000045	9.800000000000011	123.0	48.39999999999998	

92.8	40.59999999999991	68.19999999999999	8.199999999999989	18.599999999999994	0.2	3.0	20.400000000000006	-0.8	-2.1999999999999886	9.199999999999989	46.19999999999999	30.80000000000001	32.599999999999994	40.60000000000002	9.199999999999989	14.800000000000011	63.19999999999999	60.60000000000002	37.599999999999994	39.80000000000001	40.80000000000001	22.200000000000045	77.0	95.19999999999999	26.399999999999977	6.0	111.60000000000002	53.60000000000002	41.200000000000045	
31.0	19.200000000000045	50.80000000000001	-14.199999999999989	13.599999999999994	1.0	-22.0	9.799999999999997	-1.4	-23.400000000000006	-0.4000000000000057	15.0	-8.199999999999989	24.80000000000001	24.80000000000001	-21.19999999999999	-0.39999999999997726	30.0	16.399999999999977	30.19999999999999	34.599999999999994	-3.8000000000000114	1.3999999999999773	50.0	47.0	20.399999999999977	7.2000000000000455	56.19999999999999	36.39999999999998	37.40000000000009	
1.3999999999999986	22.799999999999955	66.60000000000002	-12.0	18.599999999999994	-5.2	-21.80000000000001	16.200000000000003	2.0	-24.599999999999994	7.599999999999994	13.399999999999977	-10.0	30.0	13.0	-25.600000000000023	8.0	30.19999999999999	10.0	40.0	21.19999999999999	-15.399999999999977	10.600000000000023	50.39999999999998	33.19999999999999	41.80000000000001	4.0	30.599999999999994	50.80000000000001	45.40000000000009	
132.2	-41.39999999999998	44.39999999999998	-22.0	14.0	-1.4	-28.0	-0.4000000000000057	0.4	-17.599999999999994	-15.199999999999989	38.80000000000001	-21.19999999999999	19.599999999999994	78.39999999999998	-1.6000000000000227	-28.80000000000001	59.80000000000001	20.399999999999977	17.399999999999977	120.0	45.0	-43.200000000000045	78.39999999999998	90.4	-0.39999999999997726	92.79999999999995	133.8	-40.599999999999994	103.79999999999995	
-99.4	12.799999999999955	231.0	7.400000000000006	28.0	0.4	-20.19999999999999	35.2	0.2	-39.19999999999999	16.599999999999994	27.399999999999977	1.3999999999999773	62.80000000000001	-21.0	-67.80000000000001	27.19999999999999	50.0	-12.199999999999989	104.80000000000001	-33.60000000000002	-101.80000000000001	29.799999999999955	115.60000000000002	-22.799999999999997	134.60000000000002	-16.600000000000023	-91.2	159.60000000000002	143.60000000000002	

-152.8	40.799999999999955	82.79999999999995	-2.1999999999999886	15.0	2.2	-17.600000000000023	22.6	1.0	-23.80000000000001	13.599999999999994	-7.800000000000011	-12.0	31.19999999999999	-23.0	-49.19999999999999	20.399999999999977	-4.199999999999989	-24.600000000000023	49.80000000000001	-39.19999999999999	-88.79999999999995	30.0	17.799999999999997	-48.400000000000006	70.60000000000002	-44.0	-111.80000000000001	111.4	10.400000000000091	
-60.0	34.40000000000009	43.40000000000009	-22.19999999999999	11.599999999999994	2.0	-31.80000000000001	14.200000000000003	-1.4	-34.400000000000006	5.199999999999989	-2.0	-24.0	26.600000000000023	-2.1999999999999886	-45.19999999999999	6.600000000000023	7.599999999999994	-13.200000000000045	36.39999999999998	-2.6000000000000227	-52.200000000000045	12.799999999999955	25.799999999999997	7.199999999999989	37.39999999999998	-24.40000000000009	-12.600000000000023	66.0	10.0	
-58.0	28.59999999999991	53.799999999999955	-10.599999999999994	14.199999999999989	0.8	-18.19999999999999	15.0	-3.2	-21.599999999999994	11.400000000000006	0.8000000000000114	-9.800000000000011	28.399999999999977	-5.599999999999994	-34.19999999999999	15.600000000000023	7.399999999999977	-6.600000000000023	38.60000000000002	-9.0	-49.0	23.200000000000045	25.200000000000003	-3.0	49.39999999999998	-20.0	-35.80000000000001	76.80000000000001	20.40000000000009	
-41.599999999999994	-80.59999999999991	100.79999999999995	-32.19999999999999	17.400000000000006	2.6	-45.39999999999998	6.0	0.8	-36.19999999999999	-8.400000000000006	8.0	-61.19999999999999	36.60000000000002	36.39999999999998	-56.60000000000002	-22.19999999999999	26.399999999999977	-66.79999999999995	59.19999999999999	87.60000000000002	-68.39999999999998	-49.60000000000002	62.0	-37.0	72.20000000000005	112.0	-60.0	-0.8000000000000114	171.5999999999999	
-283.0	19.799999999999955	248.39999999999998	-7.400000000000006	21.80000000000001	4.8	-35.0	33.2	0.6	-52.80000000000001	18.400000000000006	-3.3999999999999773	-22.80000000000001	56.80000000000001	-48.80000000000001	-104.0	33.39999999999998	11.199999999999989	-55.799999999999955	107.60000000000002	-69.80000000000001	-188.8	43.60000000000002	69.80000000000001	-103.0	169.8	-43.0	-257.6	219.8	127.0	

-24.600000000000023	14.200000000000003	6.7999999999999545	-29.19999999999999	-8.800000000000011	-0.8	-46.39999999999998	4.600000000000023	0.6	-45.19999999999999	20.200000000000003	-45.6	-39.60000000000002	-1.3999999999999773	-22.19999999999999	-44.0	20.2	-22.80000000000001	-30.0	3.1999999999999886	-7.7999999999999545	-35.60000000000002	16.200000000000003	-1.2000000000000455	-19.80000000000001	6.199999999999989	1.3999999999999773	-25.799999999999955	11.0	2.6000000000000227	
-44.200000000000045	16.6	-26.200000000000045	-37.60000000000002	-11.600000000000023	-1.0	-52.60000000000002	2.8000000000000114	-0.19999999999999996	-49.39999999999998	23.0	-80.6	-53.19999999999999	-5.0	-52.80000000000001	-56.80000000000001	22.8	-61.400000000000006	-45.0	0.8000000000000114	-37.39999999999998	-53.0	20.599999999999994	-39.0	-34.39999999999998	5.199999999999989	-19.600000000000023	-46.39999999999998	10.799999999999997	-27.600000000000023	
-16.799999999999955	18.0	-2.3999999999999773	-20.400000000000006	1.0	-2.2	-27.0	14.400000000000006	-1.2	-24.0	27.799999999999997	-29.4	-26.600000000000023	7.0	-26.19999999999999	-26.80000000000001	26.6	-19.0	-22.399999999999977	6.599999999999994	-15.399999999999977	-22.399999999999977	22.0	-8.600000000000023	-19.0	8.800000000000011	-7.0	-19.200000000000045	14.400000000000006	-4.399999999999977	
-28.0	8.799999999999997	-9.399999999999977	-16.19999999999999	-20.80000000000001	-3.8	-27.399999999999977	-12.800000000000011	-0.19999999999999996	-24.399999999999977	10.799999999999997	-76.6	-29.0	-19.0	-30.399999999999977	-38.60000000000002	12.2	-54.80000000000001	-26.80000000000001	-9.0	-14.799999999999955	-38.19999999999999	12.0	-28.200000000000045	-19.19999999999999	-5.199999999999989	-2.0	-28.799999999999955	1.5999999999999943	-8.0	
0.7999999999999545	-3.6000000000000014	25.200000000000045	-21.80000000000001	-2.0	1.6	-35.0	2.1999999999999886	0.19999999999999996	-36.39999999999998	0.5999999999999943	13.2	-21.80000000000001	0.0	6.199999999999989	-22.80000000000001	0.0	26.600000000000023	-12.0	1.5999999999999943	14.200000000000045	-9.399999999999977	-1.4000000000000057	30.200000000000045	-5.800000000000011	2.0	10.600000000000023	-2.0	-0.4000000000000057	21.600000000000023	

-55.799999999999955	2.0	16.799999999999955	-46.80000000000001	-38.0	3.8	-68.60000000000002	-28.399999999999977	1.8	-68.60000000000002	8.599999999999994	-103.6	-69.60000000000002	-32.60000000000002	-31.19999999999999	-85.39999999999998	8.2	-61.599999999999994	-57.39999999999998	-17.599999999999994	1.6000000000000227	-76.20000000000005	4.599999999999994	-11.799999999999955	-37.39999999999998	-4.199999999999989	15.600000000000023	-53.0	-3.0	17.799999999999955	
-42.799999999999955	15.400000000000006	-25.600000000000023	-14.800000000000011	-18.19999999999999	-3.4	-16.600000000000023	-3.1999999999999886	0.0	-14.800000000000011	23.4	-75.2	-34.19999999999999	-19.19999999999999	-52.0	-35.0	21.6	-68.0	-36.60000000000002	-13.400000000000006	-38.200000000000045	-43.0	17.400000000000006	-47.200000000000045	-36.19999999999999	-5.199999999999989	-16.600000000000023	-44.0	3.799999999999997	-26.600000000000023	
-23.200000000000045	19.0	-8.600000000000023	-14.199999999999989	1.1999999999999886	-5.8	-17.19999999999999	15.599999999999994	-0.2	-18.80000000000001	28.200000000000003	-35.4	-24.80000000000001	1.8000000000000114	-35.0	-24.600000000000023	25.0	-31.0	-26.19999999999999	5.400000000000006	-23.399999999999977	-25.0	21.400000000000006	-17.799999999999955	-25.0	8.199999999999989	-10.399999999999977	-26.200000000000045	13.799999999999997	-13.800000000000011	
-21.799999999999955	0.6000000000000014	-14.200000000000045	9.599999999999994	-34.0	-2.0	4.800000000000011	-29.19999999999999	1.2	4.600000000000023	1.2000000000000028	-77.0	-6.800000000000011	-36.80000000000001	-27.0	-17.19999999999999	1.0	-62.599999999999994	-11.199999999999989	-24.19999999999999	-12.799999999999955	-23.19999999999999	2.799999999999997	-37.0	-9.600000000000023	-13.400000000000006	-1.1999999999999886	-18.600000000000023	-10.599999999999994	-10.600000000000023	
-5.399999999999977	-0.6000000000000014	29.600000000000023	-32.0	4.800000000000011	1.4	-44.60000000000002	5.199999999999989	1.4	-47.39999999999998	3.200000000000003	6.8	-31.80000000000001	7.800000000000011	1.1999999999999886	-34.0	2.1999999999999993	25.80000000000001	-19.399999999999977	9.599999999999994	12.600000000000023	-17.19999999999999	0.0	34.0	-11.199999999999989	5.599999999999994	12.0	-8.0	4.200000000000003	21.80000000000001	

-69.60000000000002	-17.8	-27.0	-12.0	-53.60000000000002	4.2	-8.0	-64.39999999999998	-2.8	-6.199999999999989	-27.400000000000006	-129.4	-34.60000000000002	-67.19999999999999	-33.19999999999999	-50.19999999999999	-25.6	-117.6	-41.0	-49.60000000000002	-10.600000000000023	-72.0	-23.0	-72.60000000000002	-33.39999999999998	-33.0	9.0	-57.0	-32.0	-8.199999999999989	
-93.0	11.0	-26.399999999999977	-30.400000000000006	-41.0	0.0	-31.599999999999994	-30.80000000000001	-1.4	-31.19999999999999	9.799999999999997	-138.6	-63.0	-46.0	-68.80000000000001	-73.80000000000001	9.6	-126.2	-72.80000000000001	-30.600000000000023	-41.19999999999999	-96.60000000000002	12.400000000000006	-76.0	-60.19999999999999	-14.400000000000006	-7.599999999999994	-86.0	-6.800000000000011	-20.600000000000023	
-67.20000000000005	43.8	2.1999999999999886	-28.19999999999999	-8.199999999999989	0.6	-38.19999999999999	17.400000000000006	-2.4	-38.39999999999998	54.4	-105.6	-63.19999999999999	-4.399999999999977	-80.39999999999998	-69.80000000000001	55.6	-80.6	-68.80000000000001	5.400000000000006	-50.0	-78.0	50.400000000000006	-36.60000000000002	-56.0	12.400000000000006	-10.400000000000006	-73.39999999999998	31.599999999999994	-10.800000000000011	
-39.799999999999955	-12.0	-44.80000000000001	10.199999999999989	-37.19999999999999	-4.8	18.80000000000001	-41.19999999999999	-0.8	22.400000000000006	-15.200000000000003	-75.8	-3.8000000000000114	-46.39999999999998	-23.600000000000023	-5.199999999999989	-16.8	-86.2	-16.0	-40.80000000000001	-20.399999999999977	-30.0	-13.200000000000003	-70.60000000000002	-16.19999999999999	-28.0	-6.800000000000011	-34.39999999999998	-28.400000000000006	-28.399999999999977	
-4.600000000000023	6.200000000000003	38.19999999999999	-23.80000000000001	0.0	-5.8	-35.400000000000006	8.199999999999989	-0.8	-38.0	11.599999999999994	-4.4	-30.399999999999977	6.199999999999989	-5.600000000000023	-36.0	12.4	17.80000000000001	-21.399999999999977	11.199999999999989	11.0	-21.0	7.0	33.39999999999998	-9.800000000000011	11.199999999999989	14.600000000000023	-7.2000000000000455	12.400000000000006	28.399999999999977	

-10.200000000000045	-43.8	-121.0	47.4	-48.39999999999998	1.6	79.8	-66.80000000000001	1.2	90.4	-45.8	-41.400000000000006	57.80000000000001	-79.0	-2.8000000000000114	74.6	-49.2	-93.0	34.60000000000002	-80.60000000000002	-27.399999999999977	34.0	-47.2	-124.39999999999998	11.399999999999977	-63.80000000000001	-26.400000000000006	0.39999999999997726	-75.80000000000001	-87.4	
12.600000000000023	4.799999999999997	-117.80000000000001	55.2	-21.0	0.8	90.2	-18.80000000000001	0.2	93.8	-3.200000000000003	-13.799999999999997	71.4	-41.19999999999999	-27.399999999999977	89.4	-2.4	-69.4	48.60000000000002	-48.0	-65.39999999999998	58.19999999999999	-1.4000000000000057	-112.0	19.399999999999977	-39.80000000000001	-57.599999999999994	17.600000000000023	-35.19999999999999	-109.80000000000001	
22.799999999999955	0.0	-76.6	44.8	-13.600000000000023	-0.19999999999999996	71.6	-11.800000000000011	0.8	72.6	-4.0	3.5999999999999943	62.599999999999994	-24.399999999999977	-9.600000000000023	73.4	-1.0	-31.599999999999994	46.19999999999999	-32.19999999999999	-39.19999999999999	52.400000000000006	0.5999999999999943	-63.80000000000001	24.600000000000023	-24.0	-40.0	26.399999999999977	-21.19999999999999	-72.80000000000001	
-1.7999999999999545	1.7999999999999972	-66.4	23.6	-9.0	-0.8	40.6	-5.599999999999994	-2.0	43.8	2.4000000000000057	-9.799999999999997	30.0	-18.399999999999977	-12.600000000000023	42.400000000000006	2.1999999999999993	-36.8	18.0	-22.0	-29.0	25.400000000000006	2.4000000000000057	-60.0	6.600000000000023	-18.600000000000023	-27.0	2.7999999999999545	-17.400000000000006	-53.80000000000001	
-22.399999999999977	4.399999999999999	25.399999999999977	-9.0	-15.800000000000011	3.4	-17.0	-6.400000000000006	0.2	-22.0	5.0	-36.0	-24.0	-12.199999999999989	-29.80000000000001	-35.19999999999999	7.0	-20.400000000000006	-26.80000000000001	-3.3999999999999773	-12.399999999999977	-38.80000000000001	8.0	5.399999999999977	-18.19999999999999	1.8000000000000114	3.0	-25.799999999999955	7.0	15.0	

0.7999999999999545	-3.200000000000003	-114.0	33.6	-25.19999999999999	-1.4	58.2	-21.80000000000001	-1.0	62.8	-4.0	-30.200000000000003	44.400000000000006	-42.39999999999998	-29.0	63.4	-3.6000000000000014	-69.0	26.19999999999999	-52.39999999999998	-55.19999999999999	39.400000000000006	-4.199999999999989	-104.80000000000001	3.6000000000000227	-43.80000000000001	-48.4	2.0	-41.599999999999994	-100.0	
-5.2000000000000455	16.0	-109.8	27.0	-11.399999999999977	0.0	47.4	-5.400000000000006	0.2	48.8	9.4	-20.599999999999994	36.8	-26.19999999999999	-35.0	53.2	12.0	-55.8	21.400000000000006	-36.80000000000001	-64.4	36.400000000000006	13.800000000000011	-93.39999999999998	-4.399999999999977	-33.60000000000002	-58.8	-4.0	-21.19999999999999	-104.6	
0.6000000000000227	13.0	-57.0	21.4	-2.0	-0.6	28.6	0.0	0.2	28.200000000000003	8.2	-10.400000000000006	23.400000000000006	-12.399999999999977	-19.19999999999999	33.0	8.200000000000003	-30.200000000000003	16.0	-15.199999999999989	-36.0	22.19999999999999	12.400000000000006	-53.19999999999999	-0.6000000000000227	-14.199999999999989	-35.2	2.0	-6.599999999999994	-58.2	
10.0	6.199999999999989	-70.0	29.8	-7.600000000000023	2.8	52.2	-5.199999999999989	-1.0	54.2	5.6	-16.0	40.0	-18.0	-9.800000000000011	54.6	3.200000000000003	-40.400000000000006	29.80000000000001	-23.0	-24.19999999999999	38.19999999999999	4.199999999999989	-66.0	13.800000000000011	-22.0	-23.2	14.200000000000045	-20.0	-57.2	
-10.0	8.400000000000006	1.5999999999999943	9.200000000000003	-15.199999999999989	2.4	11.0	-4.0	0.6	6.199999999999999	3.5999999999999996	-17.799999999999997	4.0	-14.399999999999977	-27.19999999999999	-3.6000000000000014	9.599999999999994	-18.799999999999997	-6.0	-10.800000000000011	-26.399999999999977	-10.0	10.400000000000006	-10.600000000000023	-7.800000000000011	-4.600000000000023	-13.200000000000003	-10.399999999999977	5.0	-10.0	

-101.0	37.39999999999998	-97.19999999999999	18.4	-21.399999999999977	-1.0	37.0	-11.800000000000011	0.2	37.2	21.599999999999994	-82.2	2.200000000000003	-45.0	-80.4	12.0	28.80000000000001	-121.4	-33.60000000000002	-44.80000000000001	-90.4	-43.19999999999999	36.0	-138.0	-58.200000000000045	-27.399999999999977	-50.19999999999999	-95.20000000000005	-7.0	-97.6	
22.399999999999977	19.80000000000001	-114.0	26.6	-3.0	2.2	38.8	-2.1999999999999886	-2.0	39.8	8.0	-7.0	40.599999999999994	-21.80000000000001	-23.19999999999999	57.400000000000006	12.199999999999989	-35.6	35.400000000000006	-32.80000000000001	-56.400000000000006	53.80000000000001	16.399999999999977	-79.19999999999999	10.199999999999989	-38.19999999999999	-60.2	21.200000000000045	-21.80000000000001	-110.0	
15.799999999999955	21.19999999999999	-51.599999999999994	14.2	3.1999999999999886	-1.4	19.200000000000003	7.400000000000006	-0.8	16.200000000000003	12.399999999999999	-0.5999999999999943	21.400000000000006	-1.6000000000000227	-16.19999999999999	25.0	15.800000000000011	-13.8	17.0	-6.800000000000011	-33.8	27.19999999999999	18.80000000000001	-33.19999999999999	7.399999999999977	-11.800000000000011	-36.8	11.799999999999955	-0.4000000000000057	-57.599999999999994	
38.799999999999955	33.400000000000006	-120.6	31.4	3.4000000000000057	-0.3999999999999999	53.0	8.400000000000006	0.19999999999999996	53.2	18.4	-4.0	57.2	-12.199999999999989	-19.400000000000006	72.6	20.80000000000001	-35.0	50.599999999999994	-25.600000000000023	-57.400000000000006	70.6	26.0	-79.6	28.600000000000023	-28.80000000000001	-61.2	37.200000000000045	-11.199999999999989	-113.80000000000001	
-109.60000000000002	35.599999999999994	98.6	-24.799999999999997	-7.0	-2.4	-36.8	7.0	0.4	-45.8	21.200000000000003	-53.400000000000006	-61.80000000000001	0.19999999999998863	-58.19999999999999	-88.2	33.19999999999999	-41.6	-83.39999999999998	19.80000000000001	-27.599999999999994	-124.39999999999998	37.39999999999998	15.600000000000023	-74.0	34.60000000000002	18.6	-110.20000000000005	50.8	60.4	

54.0	27.80000000000001	-263.79999999999995	56.8	-24.399999999999977	-1.2000000000000002	95.19999999999999	-14.199999999999989	1.4	100.0	16.6	-24.400000000000006	87.80000000000001	-63.0	-41.19999999999999	136.0	21.4	-84.6	73.2	-95.60000000000002	-93.2	136.0	24.0	-186.0	25.0	-100.0	-97.80000000000001	44.0	-91.0	-228.0	
81.80000000000001	59.19999999999999	-128.79999999999995	34.0	3.8000000000000114	-0.2	45.19999999999999	16.80000000000001	1.2	40.80000000000001	26.4	12.799999999999997	61.0	-6.7999999999999545	-18.600000000000023	71.80000000000001	36.599999999999994	-7.599999999999994	65.8	-24.600000000000023	-56.2	96.80000000000001	45.0	-57.0	48.0	-41.60000000000002	-75.0	75.39999999999998	-15.199999999999989	-134.20000000000005	
44.799999999999955	55.400000000000006	-48.200000000000045	15.599999999999994	10.399999999999977	-2.8	22.0	24.400000000000006	1.8	15.0	28.2	10.799999999999997	33.2	9.799999999999955	-15.0	32.0	35.8	4.0	39.0	0.7999999999999545	-38.8	48.400000000000006	44.80000000000001	-17.599999999999994	28.600000000000023	-8.0	-47.39999999999998	43.200000000000045	17.80000000000001	-71.79999999999995	
173.2	-19.599999999999994	-165.0	36.400000000000006	10.0	-0.4	58.19999999999999	5.0	1.0	65.60000000000002	6.199999999999999	44.599999999999994	79.0	-7.600000000000023	32.60000000000002	119.39999999999998	-1.3999999999999986	27.0	99.2	-38.0	0.4000000000000057	174.0	-13.400000000000006	-46.19999999999999	89.39999999999998	-63.60000000000002	-41.599999999999994	148.39999999999998	-77.0	-113.20000000000005	
-116.0	111.4	5.600000000000023	29.0	-21.399999999999977	1.2	34.19999999999999	4.199999999999989	-0.6	18.80000000000001	39.0	-69.6	10.400000000000006	-27.0	-95.4	-18.399999999999977	62.599999999999994	-97.0	-26.80000000000001	-18.600000000000023	-114.8	-82.6	89.4	-82.19999999999999	-50.60000000000002	9.0	-61.60000000000002	-96.0	69.39999999999998	-66.60000000000002	

196.0	47.80000000000001	-169.4000000000001	49.599999999999994	-5.199999999999989	-1.6	73.19999999999999	5.400000000000006	1.2	70.0	19.2	36.19999999999999	96.39999999999998	-21.399999999999977	10.0	120.60000000000002	27.200000000000003	17.8	113.80000000000001	-56.200000000000045	-32.599999999999994	177.39999999999998	35.599999999999994	-52.60000000000002	101.80000000000001	-85.79999999999995	-69.19999999999999	171.6	-65.0	-160.20000000000005	
93.0	76.19999999999999	-68.59999999999991	14.800000000000011	12.600000000000023	3.8	12.399999999999977	23.400000000000006	-0.2	4.800000000000011	26.4	18.19999999999999	34.60000000000002	11.600000000000023	-5.600000000000023	26.399999999999977	35.2	19.6	50.400000000000006	-2.3999999999999773	-30.799999999999997	66.60000000000002	53.599999999999994	-3.8000000000000114	48.80000000000001	-23.200000000000045	-54.80000000000001	87.6	8.799999999999955	-91.40000000000009	
55.8	62.400000000000006	-40.40000000000009	12.400000000000006	9.399999999999977	-6.8	10.199999999999989	20.400000000000006	-0.4	3.0	23.8	11.400000000000006	23.600000000000023	12.799999999999955	-8.199999999999989	17.200000000000045	32.0	11.399999999999999	35.400000000000006	5.7999999999999545	-25.599999999999994	39.0	45.80000000000001	-3.0	28.400000000000006	-6.600000000000023	-40.60000000000002	52.19999999999999	19.0	-61.40000000000009	
283.6	-21.0	-12.200000000000045	15.599999999999994	27.399999999999977	2.4	18.0	25.19999999999999	-1.2	16.399999999999977	10.8	79.60000000000002	54.0	35.0	69.19999999999999	63.200000000000045	7.599999999999994	105.8	101.19999999999999	20.0	69.8	163.39999999999998	-5.199999999999989	92.80000000000001	141.2	-21.200000000000045	16.600000000000023	238.2	-40.0	12.200000000000045	
-63.19999999999999	198.0	-50.200000000000045	48.19999999999999	-4.199999999999989	-3.6	56.19999999999999	27.400000000000006	-2.6	33.0	54.8	-23.19999999999999	69.39999999999998	-10.0	-79.6	31.600000000000023	93.0	-49.2	50.19999999999999	-13.200000000000045	-138.6	-2.7999999999999545	142.0	-76.80000000000001	7.199999999999989	-8.399999999999977	-129.60000000000002	-16.599999999999994	100.20000000000005	-163.20000000000005	

34.799999999999955	24.599999999999994	-56.0	8.0	-9.600000000000023	1.4	15.800000000000011	-1.5999999999999943	1.0	14.0	2.4000000000000004	-5.0	15.600000000000023	-13.200000000000045	-7.600000000000023	28.600000000000023	6.200000000000003	-13.600000000000001	17.600000000000023	-25.399999999999977	-18.599999999999994	45.40000000000009	10.199999999999989	-41.60000000000002	4.0	-33.59999999999991	-23.0	27.399999999999977	-39.0	-73.59999999999991	
83.39999999999998	13.199999999999989	-20.0	-5.599999999999994	3.6000000000000227	2.2	-3.8000000000000114	4.800000000000011	0.19999999999999996	-4.0	4.0	1.8000000000000114	2.3999999999999773	0.20000000000004547	-0.19999999999998863	11.600000000000023	5.0	4.600000000000001	14.199999999999989	-11.200000000000045	-6.0	50.0	7.199999999999989	-9.199999999999989	15.399999999999999	-28.799999999999955	-20.799999999999955	62.0	-43.799999999999955	-59.59999999999991	
31.0	26.400000000000006	0.0	-0.5999999999999943	4.0	2.2	-2.6000000000000227	7.199999999999989	-1.2	-3.3999999999999773	7.0	-0.6000000000000227	2.3999999999999773	5.600000000000023	-2.6000000000000227	2.3999999999999773	9.799999999999997	-0.8000000000000007	7.0	0.39999999999997726	-9.0	15.200000000000045	15.599999999999994	-5.399999999999977	8.600000000000001	-7.7999999999999545	-15.600000000000023	25.600000000000023	-5.2000000000000455	-36.200000000000045	
61.200000000000045	-71.4	96.79999999999995	-16.0	19.600000000000023	-1.6	-26.399999999999977	13.800000000000011	-0.8	-21.600000000000023	-2.0	19.19999999999999	-24.0	37.799999999999955	34.39999999999998	-28.200000000000045	-14.0	42.400000000000006	-14.0	53.0	63.8	-15.599999999999909	-35.80000000000001	81.60000000000002	16.799999999999997	52.40000000000009	63.80000000000001	27.399999999999977	14.799999999999955	132.4000000000001	
-95.0	223.39999999999998	-59.40000000000009	43.19999999999999	-14.0	-0.8	55.39999999999998	8.800000000000011	-0.19999999999999996	34.19999999999999	29.2	-16.0	68.0	-30.200000000000045	-56.0	36.60000000000002	66.0	-44.2	63.80000000000001	-40.39999999999998	-118.0	1.7999999999999545	127.19999999999999	-80.80000000000001	21.6	-40.200000000000045	-126.79999999999995	-4.600000000000023	90.39999999999998	-193.5999999999999	

